2 0.890625 0.5635416666666667 0.04921875 0.07395833333333333
2 0.0875 0.49375 0.03671875 0.053125
2 0.06015625 0.5666666666666667 0.04375 0.042708333333333334
2 0.44609375 0.5375 0.03671875 0.059375
2 0.48125 0.5479166666666667 0.05078125 0.052083333333333336
2 0.60546875 0.725 0.05234375 0.08958333333333333
2 0.41875 0.765625 0.04140625 0.06875
2 0.45546875 0.7697916666666667 0.0421875 0.06666666666666667
2 0.9203125 0.4583333333333333 0.0421875 0.0625
2 0.8734375 0.47291666666666665 0.040625 0.05
2 0.91953125 0.9572916666666667 0.0859375 0.08541666666666667
2 0.7578125 0.9145833333333333 0.05625 0.10208333333333333
2 0.946875 0.8145833333333333 0.0828125 0.11458333333333333
2 0.7921875 0.653125 0.07734375 0.1125
2 0.5078125 0.64375 0.03828125 0.071875
2 0.4734375 0.6864583333333333 0.0390625 0.05625
2 0.35390625 0.615625 0.03828125 0.05625
2 0.28984375 0.5416666666666666 0.04375 0.07395833333333333
2 0.36015625 0.4552083333333333 0.03671875 0.04791666666666667
2 0.36953125 0.4083333333333333 0.0390625 0.05
2 0.39921875 0.3625 0.03203125 0.041666666666666664
2 0.4515625 0.42916666666666664 0.021875 0.05625