2 0.6640625 0.027083333333333334 0.06171875 0.053125
2 0.19296875 0.18645833333333334 0.08515625 0.0875
2 0.05703125 0.6 0.05234375 0.071875
2 0.5609375 0.9510416666666667 0.1203125 0.09791666666666667
2 0.5875 0.6895833333333333 0.0796875 0.13125
2 0.70625 0.7635416666666667 0.10234375 0.15833333333333333
2 0.9453125 0.8510416666666667 0.109375 0.18958333333333333
2 0.63984375 0.23229166666666667 0.08203125 0.09166666666666666
2 0.221875 0.421875 0.08359375 0.103125
2 0.2921875 0.440625 0.09296875 0.11041666666666666
2 0.02421875 0.2552083333333333 0.0484375 0.09479166666666666
2 0.3328125 0.09270833333333334 0.06015625 0.07604166666666666
2 0.43359375 0.159375 0.07890625 0.06770833333333333
2 0.4734375 0.27708333333333335 0.05234375 0.08229166666666667