2 0.36875 0.6729166666666667 0.040625 0.05416666666666667
2 0.509375 0.30416666666666664 0.028125 0.04375
2 0.55703125 0.3885416666666667 0.02265625 0.06145833333333333
2 0.86640625 0.740625 0.090625 0.14583333333333334
2 0.4703125 0.8729166666666667 0.040625 0.06875
2 0.603125 0.6322916666666667 0.04609375 0.07395833333333333
2 0.4765625 0.33958333333333335 0.034375 0.058333333333333334
2 0.43203125 0.46041666666666664 0.03515625 0.06041666666666667
2 0.39921875 0.459375 0.03515625 0.057291666666666664
2 0.03671875 0.728125 0.06328125 0.078125
2 0.02578125 0.5708333333333333 0.03515625 0.042708333333333334
2 0.065625 0.58125 0.04765625 0.06875
2 0.221875 0.34791666666666665 0.03359375 0.042708333333333334
2 0.203125 0.41458333333333336 0.040625 0.041666666666666664
2 0.39453125 0.753125 0.046875 0.07291666666666667
2 0.5171875 0.7145833333333333 0.04921875 0.065625
2 0.45859375 0.5520833333333334 0.0359375 0.06041666666666667
2 0.68359375 0.734375 0.053125 0.07291666666666667
2 0.9765625 0.56875 0.04609375 0.059375
2 0.82109375 0.9604166666666667 0.0546875 0.07916666666666666
2 0.85234375 0.43333333333333335 0.04296875 0.057291666666666664
2 0.578125 0.5208333333333334 0.04453125 0.059375