2 0.88984375 0.265625 0.0359375 0.05416666666666667
2 0.40625 0.37916666666666665 0.04296875 0.0625
2 0.8921875 0.8604166666666667 0.08359375 0.134375
2 0.72109375 0.32083333333333336 0.03984375 0.053125
2 0.8 0.2916666666666667 0.03984375 0.04583333333333333
2 0.759375 0.30625 0.03671875 0.052083333333333336
2 0.41953125 0.9416666666666667 0.065625 0.11458333333333333
2 0.4828125 0.9479166666666666 0.065625 0.10416666666666667
1 0.59140625 0.8979166666666667 0.1171875 0.09479166666666666
2 0.92109375 0.46458333333333335 0.0515625 0.058333333333333334
2 0.9296875 0.5104166666666666 0.04453125 0.05
2 0.9203125 0.5447916666666667 0.04453125 0.058333333333333334
2 0.8359375 0.9145833333333333 0.09609375 0.11458333333333333
2 0.75390625 0.571875 0.0640625 0.078125
2 0.640625 0.6239583333333333 0.06171875 0.09895833333333333
2 0.590625 0.66875 0.0515625 0.08958333333333333
2 0.3859375 0.4875 0.04453125 0.07291666666666667
2 0.34375 0.5260416666666666 0.03984375 0.06041666666666667
2 0.22890625 0.46458333333333335 0.04609375 0.06770833333333333
2 0.1171875 0.621875 0.05078125 0.06770833333333333
2 0.146875 0.6802083333333333 0.04921875 0.07083333333333333
2 0.16640625 0.41875 0.04375 0.06354166666666666
2 0.46484375 0.5302083333333333 0.04453125 0.071875
2 0.7890625 0.6979166666666666 0.05859375 0.08645833333333333
2 0.7203125 0.7041666666666667 0.0703125 0.13020833333333334