2 0.87734375 0.21875 0.05 0.057291666666666664
2 0.79609375 0.28541666666666665 0.040625 0.06666666666666667
1 0.56484375 0.7 0.07578125 0.12083333333333333
2 0.38671875 0.5416666666666666 0.05234375 0.0875
2 0.4390625 0.56875 0.05546875 0.09895833333333333
2 0.53125 0.48854166666666665 0.0546875 0.06666666666666667
2 0.49609375 0.4739583333333333 0.05078125 0.06666666666666667
2 0.54140625 0.39375 0.046875 0.06666666666666667
2 0.60859375 0.46875 0.05703125 0.071875
2 0.65390625 0.39791666666666664 0.04140625 0.06770833333333333
2 0.628125 0.7208333333333333 0.0734375 0.103125
2 0.7078125 0.7052083333333333 0.0625 0.10104166666666667
2 0.96875 0.6010416666666667 0.0625 0.12604166666666666
2 0.55546875 0.54375 0.053125 0.09583333333333334
2 0.471875 0.584375 0.0515625 0.071875
2 0.80546875 0.3489583333333333 0.0609375 0.08958333333333333
2 0.753125 0.2760416666666667 0.053125 0.084375