2 0.975 0.4635416666666667 0.05 0.05625
3 0.94921875 0.3375 0.1015625 0.09583333333333334
2 0.89921875 0.49895833333333334 0.06171875 0.065625
2 0.82734375 0.503125 0.07734375 0.08125
2 0.884375 0.7708333333333334 0.06953125 0.1125
2 0.81484375 0.6770833333333334 0.03125 0.040625
2 0.76171875 0.696875 0.0671875 0.1
2 0.50078125 0.9145833333333333 0.05390625 0.08854166666666667
2 0.753125 0.5354166666666667 0.02578125 0.03125
2 0.7 0.5114583333333333 0.065625 0.07916666666666666
2 0.5546875 0.30625 0.0421875 0.04791666666666667
2 0.0921875 0.15833333333333333 0.034375 0.052083333333333336
2 0.4265625 0.3697916666666667 0.04375 0.051041666666666666
2 0.48125 0.5083333333333333 0.03125 0.040625