2 0.7109375 0.28229166666666666 0.053125 0.05520833333333333
2 0.92734375 0.36875 0.07890625 0.15104166666666666
2 0.69921875 0.5291666666666667 0.06875 0.09583333333333334
2 0.571875 0.7947916666666667 0.0515625 0.075
2 0.7578125 0.875 0.09921875 0.15416666666666667
2 0.53125 0.6666666666666666 0.0515625 0.09895833333333333
2 0.3390625 0.7145833333333333 0.0515625 0.11666666666666667
2 0.3859375 0.4979166666666667 0.04765625 0.06770833333333333
2 0.36640625 0.41041666666666665 0.03828125 0.058333333333333334
2 0.35859375 0.3697916666666667 0.040625 0.06145833333333333
2 0.27890625 0.5083333333333333 0.0484375 0.08020833333333334
2 0.17265625 0.5416666666666666 0.05859375 0.07083333333333333
2 0.1984375 0.621875 0.07734375 0.10729166666666666
2 0.06328125 0.47291666666666665 0.06171875 0.07916666666666666