2 0.4578125 0.809375 0.02890625 0.04375
3 0.5984375 0.975 0.04375 0.05
3 0.64296875 0.8625 0.05390625 0.084375
3 0.578125 0.79375 0.04765625 0.07604166666666666
3 0.5796875 0.6197916666666666 0.0421875 0.058333333333333334
3 0.50390625 0.50625 0.04765625 0.05
3 0.3421875 0.5697916666666667 0.0421875 0.06875
3 0.19375 0.5208333333333334 0.053125 0.06041666666666667
2 0.8640625 0.7520833333333333 0.03125 0.05
2 0.771875 0.6447916666666667 0.02578125 0.04479166666666667
2 0.93046875 0.8416666666666667 0.03515625 0.0625