1 0.9765625 0.3875 0.046875 0.0875
2 0.32109375 0.20833333333333334 0.04921875 0.06979166666666667
2 0.36328125 0.384375 0.04765625 0.07916666666666666
2 0.3125 0.36666666666666664 0.04765625 0.075
2 0.01875 0.42916666666666664 0.03359375 0.06041666666666667
2 0.4609375 0.03229166666666667 0.03359375 0.04583333333333333
2 0.628125 0.06770833333333333 0.04609375 0.059375
2 0.93125 0.1 0.04921875 0.07916666666666666
2 0.7640625 0.19895833333333332 0.04921875 0.05520833333333333
2 0.56953125 0.21770833333333334 0.053125 0.0625
2 0.60390625 0.33125 0.0453125 0.059375
2 0.66953125 0.34270833333333334 0.04453125 0.08541666666666667
2 0.7828125 0.44375 0.06171875 0.08020833333333334
3 0.91875 0.34375 0.1328125 0.159375
2 0.6984375 0.6375 0.0703125 0.11875
2 0.6421875 0.6447916666666667 0.075 0.12083333333333333
2 0.540625 0.8822916666666667 0.0625 0.10416666666666667
2 0.6078125 0.90625 0.0671875 0.13958333333333334
2 0.765625 0.85 0.08984375 0.134375
2 0.80625 0.753125 0.06875 0.10416666666666667
2 0.61328125 0.27708333333333335 0.07890625 0.1
2 0.6203125 0.2125 0.05859375 0.09791666666666667