2 0.475 0.234375 0.03046875 0.04791666666666667
2 0.40234375 0.14166666666666666 0.03671875 0.052083333333333336
2 0.91171875 0.18958333333333333 0.04140625 0.058333333333333334
1 0.94296875 0.3416666666666667 0.11171875 0.11458333333333333
3 0.8546875 0.325 0.11015625 0.16770833333333332
2 0.7015625 0.22708333333333333 0.05234375 0.04791666666666667
2 0.4640625 0.60625 0.05625 0.07708333333333334
2 0.55390625 0.39479166666666665 0.0484375 0.0625
2 0.61875 0.3885416666666667 0.046875 0.07916666666666666
2 0.521875 0.953125 0.06328125 0.09375
2 0.590625 0.9541666666666667 0.0640625 0.09166666666666666
2 0.75 0.8729166666666667 0.08828125 0.140625
2 0.78359375 0.7666666666666667 0.08125 0.11875
2 0.6109375 0.6979166666666666 0.07734375 0.12291666666666666
2 0.6671875 0.671875 0.06953125 0.11666666666666667
2 0.73359375 0.46458333333333335 0.0546875 0.08541666666666667
2 0.8484375 0.109375 0.04921875 0.06458333333333334
2 0.56015625 0.146875 0.040625 0.04895833333333333
2 0.6125 0.14583333333333334 0.05234375 0.07395833333333333
2 0.51640625 0.2989583333333333 0.04765625 0.06458333333333334
2 0.2703125 0.49583333333333335 0.05078125 0.06875
2 0.31953125 0.5020833333333333 0.0484375 0.08125
2 0.275 0.34791666666666665 0.05078125 0.071875
2 0.33359375 0.13541666666666666 0.04296875 0.041666666666666664