1 0.396875 0.440625 0.05703125 0.053125
2 0.64453125 0.2604166666666667 0.0296875 0.053125
2 0.7484375 0.2625 0.03046875 0.04583333333333333
2 0.028125 0.6604166666666667 0.05546875 0.09791666666666667
2 0.3 0.5510416666666667 0.09375 0.11458333333333333
2 0.35625 0.5854166666666667 0.03671875 0.06041666666666667
2 0.41484375 0.6572916666666667 0.0703125 0.1125
2 0.3578125 0.8229166666666666 0.06015625 0.10729166666666666
2 0.68046875 0.9541666666666667 0.11328125 0.09166666666666666
2 0.7140625 0.725 0.08671875 0.14479166666666668
2 0.81953125 0.8208333333333333 0.09296875 0.16354166666666667
2 0.9328125 0.921875 0.13359375 0.15625
2 0.8859375 0.5333333333333333 0.0625 0.08541666666666667
2 0.940625 0.5614583333333333 0.0859375 0.11145833333333334
2 0.8484375 0.5541666666666667 0.0515625 0.06979166666666667
2 0.61875 0.571875 0.05546875 0.059375
2 0.646875 0.48125 0.05703125 0.07395833333333333
2 0.74453125 0.5395833333333333 0.04765625 0.07395833333333333
2 0.6515625 0.32708333333333334 0.046875 0.0625
2 0.44765625 0.43333333333333335 0.04453125 0.052083333333333336
2 0.51171875 0.3385416666666667 0.0453125 0.053125
2 0.4546875 0.309375 0.03828125 0.051041666666666666
2 0.465625 0.35208333333333336 0.034375 0.05416666666666667