2 0.53046875 0.45625 0.0375 0.0625
2 0.28984375 0.39479166666666665 0.03515625 0.065625
2 0.6796875 0.5458333333333333 0.05703125 0.09375
2 0.3296875 0.21145833333333333 0.03125 0.057291666666666664
2 0.575 0.14270833333333333 0.03046875 0.07604166666666666
2 0.5921875 0.16145833333333334 0.03359375 0.06666666666666667
2 0.64609375 0.24166666666666667 0.084375 0.08125
2 0.72421875 0.26145833333333335 0.09921875 0.15
2 0.5140625 0.4395833333333333 0.0640625 0.08020833333333334
2 0.5078125 0.5333333333333333 0.09921875 0.13229166666666667
2 0.2296875 0.5395833333333333 0.0375 0.057291666666666664
2 0.33125 0.46041666666666664 0.0453125 0.090625
3 0.021875 0.6333333333333333 0.04296875 0.078125
2 0.04921875 0.49583333333333335 0.0390625 0.065625
3 0.3828125 0.07916666666666666 0.0453125 0.057291666666666664
2 0.5984375 0.04479166666666667 0.04921875 0.058333333333333334