2 0.696875 0.37604166666666666 0.04453125 0.06979166666666667
2 0.803125 0.253125 0.05703125 0.0875
2 0.634375 0.8947916666666667 0.06484375 0.09583333333333334
2 0.8625 0.3260416666666667 0.0640625 0.08333333333333333
2 0.7609375 0.68125 0.06796875 0.10208333333333333
2 0.678125 0.6875 0.0765625 0.09375
2 0.53828125 0.4427083333333333 0.05 0.075
2 0.571875 0.4635416666666667 0.0515625 0.07083333333333333
2 0.5875 0.3645833333333333 0.04453125 0.06458333333333334
2 0.653125 0.446875 0.0625 0.09270833333333334
2 0.6078125 0.51875 0.0640625 0.10416666666666667
2 0.51640625 0.5510416666666667 0.0453125 0.07604166666666666
2 0.4234375 0.49583333333333335 0.04765625 0.05520833333333333
1 0.6 0.6927083333333334 0.08359375 0.12083333333333333
2 0.84921875 0.25833333333333336 0.04609375 0.07083333333333333
2 0.9296875 0.18333333333333332 0.046875 0.05416666666666667