2 0.0875 0.3697916666666667 0.09296875 0.14583333333333334
2 0.815625 0.3020833333333333 0.0484375 0.08125
2 0.7828125 0.51875 0.05859375 0.08958333333333333
2 0.98046875 0.6604166666666667 0.0390625 0.10208333333333333
2 0.9359375 0.8166666666666667 0.0609375 0.09791666666666667
2 0.740625 0.9135416666666667 0.1171875 0.17291666666666666
2 0.696875 0.10416666666666667 0.03515625 0.05520833333333333
2 0.69375 0.15 0.04375 0.0625
2 0.5828125 0.2875 0.05234375 0.090625
2 0.5625 0.3614583333333333 0.06015625 0.08854166666666667
2 0.5 0.365625 0.05859375 0.08333333333333333
2 0.453125 0.4583333333333333 0.05625 0.12083333333333333
2 0.390625 0.7395833333333334 0.08359375 0.18020833333333333
2 0.975 0.4625 0.0484375 0.10833333333333334
2 0.9046875 0.46458333333333335 0.06171875 0.11458333333333333
2 0.6796875 0.3125 0.046875 0.07395833333333333
2 0.71875 0.36875 0.06015625 0.10833333333333334
2 0.634375 0.28125 0.04921875 0.08125
2 0.43046875 0.0625 0.046875 0.06979166666666667
2 0.47890625 0.14270833333333333 0.03515625 0.059375
2 0.5125 0.18125 0.046875 0.06458333333333334
2 0.453125 0.2677083333333333 0.05 0.08229166666666667
2 0.38046875 0.3697916666666667 0.04921875 0.07916666666666666