2 0.2625 0.016666666666666666 0.0375 0.03125
2 0.64453125 0.0375 0.08203125 0.065625
2 0.03671875 0.3645833333333333 0.06484375 0.065625
2 0.7703125 0.2989583333333333 0.05703125 0.11145833333333334
2 0.8796875 0.28854166666666664 0.053125 0.057291666666666664
2 0.70390625 0.2375 0.06875 0.090625
2 0.85546875 0.09895833333333333 0.0984375 0.090625
2 0.825 0.17916666666666667 0.10234375 0.11666666666666667
2 0.6390625 0.6427083333333333 0.13203125 0.2
2 0.56796875 0.27291666666666664 0.096875 0.11875
2 0.34296875 0.07395833333333333 0.05859375 0.06041666666666667
2 0.2734375 0.24895833333333334 0.0375 0.04895833333333333
2 0.33125 0.22291666666666668 0.0734375 0.08958333333333333
2 0.22421875 0.325 0.075 0.103125