0 0.41953125 0.015625 0.040625 0.030208333333333334
0 0.3765625 0.04791666666666667 0.05546875 0.09479166666666666
0 0.85625 0.825 0.10546875 0.175
0 0.77734375 0.9114583333333334 0.0921875 0.17708333333333334
0 0.68203125 0.871875 0.10859375 0.2
0 0.93515625 0.815625 0.08828125 0.16875
0 0.97734375 0.7854166666666667 0.0453125 0.184375
0 0.703125 0.7208333333333333 0.09765625 0.175
0 0.77265625 0.5885416666666666 0.09921875 0.171875
0 0.95546875 0.3854166666666667 0.08828125 0.12916666666666668
1 0.82734375 0.7625 0.16171875 0.12083333333333333
1 0.490625 0.140625 0.04296875 0.15729166666666666
2 0.5234375 0.6802083333333333 0.0609375 0.11145833333333334
2 0.5796875 0.8666666666666667 0.04609375 0.05625
2 0.62421875 0.7 0.03828125 0.04479166666666667
2 0.6328125 0.09375 0.03984375 0.04791666666666667