2 0.64765625 0.7875 0.06328125 0.11041666666666666
2 0.8328125 0.43645833333333334 0.0734375 0.09479166666666666
2 0.8578125 0.8583333333333333 0.07421875 0.1
2 0.65859375 0.6895833333333333 0.0625 0.09375
2 0.63828125 0.21875 0.0515625 0.071875
2 0.33515625 0.11666666666666667 0.0265625 0.03854166666666667
2 0.5078125 0.6166666666666667 0.05234375 0.0875
2 0.39453125 0.49583333333333335 0.03359375 0.06354166666666666
2 0.1859375 0.5885416666666666 0.03515625 0.06458333333333334
2 0.253125 0.4125 0.04140625 0.057291666666666664
2 0.740625 0.25833333333333336 0.05859375 0.06770833333333333