2 0.44765625 0.3177083333333333 0.02734375 0.04375
2 0.48671875 0.29583333333333334 0.03125 0.040625
2 0.43984375 0.28854166666666664 0.0375 0.04375
2 0.31484375 0.453125 0.05625 0.08125
2 0.275 0.5864583333333333 0.0390625 0.07395833333333333
2 0.59453125 0.675 0.07421875 0.07604166666666666
2 0.6265625 0.5270833333333333 0.07265625 0.10208333333333333
2 0.70546875 0.5854166666666667 0.0484375 0.1
2 0.78046875 0.6395833333333333 0.0953125 0.13958333333333334
2 0.9015625 0.525 0.05234375 0.075
2 0.88203125 0.4125 0.0515625 0.06979166666666667
2 0.90390625 0.36875 0.0484375 0.051041666666666666
2 0.946875 0.35625 0.059375 0.06666666666666667
2 0.76640625 0.3927083333333333 0.04609375 0.05520833333333333
2 0.8109375 0.41875 0.05625 0.07708333333333334
2 0.96640625 0.7572916666666667 0.0671875 0.13958333333333334
2 0.7578125 0.9604166666666667 0.09296875 0.07916666666666666
2 0.7109375 0.8802083333333334 0.084375 0.11458333333333333
2 0.74921875 0.7833333333333333 0.09140625 0.15
2 0.51875 0.8770833333333333 0.07890625 0.128125
2 0.4890625 0.953125 0.04921875 0.08333333333333333
2 0.615625 0.9166666666666666 0.0625 0.075
2 0.5609375 0.4395833333333333 0.0375 0.0375
2 0.59296875 0.3854166666666667 0.04765625 0.04583333333333333
2 0.10390625 0.559375 0.040625 0.053125
2 0.1453125 0.4666666666666667 0.040625 0.05
2 0.40546875 0.7645833333333333 0.06875 0.090625
2 0.60234375 0.27708333333333335 0.03359375 0.04375
2 0.5984375 0.22916666666666666 0.02421875 0.04583333333333333