2 0.5171875 0.41875 0.03125 0.04479166666666667
2 0.60859375 0.3885416666666667 0.0296875 0.046875
2 0.6796875 0.634375 0.0484375 0.08333333333333333
2 0.7421875 0.7458333333333333 0.0765625 0.10520833333333333
2 0.725 0.63125 0.0453125 0.08333333333333333
2 0.80234375 0.5458333333333333 0.05859375 0.07604166666666666
2 0.53984375 0.9302083333333333 0.06875 0.10625
2 0.44921875 0.9520833333333333 0.0640625 0.09583333333333334
2 0.41171875 0.9239583333333333 0.05234375 0.09270833333333334
2 0.4625 0.8 0.05234375 0.08333333333333333
2 0.590625 0.8229166666666666 0.053125 0.09479166666666666