2 0.50078125 0.25833333333333336 0.0453125 0.053125
2 0.9046875 0.3729166666666667 0.06875 0.08854166666666667
2 0.8390625 0.4375 0.071875 0.078125
2 0.8875 0.47604166666666664 0.06875 0.08020833333333334
2 0.92265625 0.5666666666666667 0.071875 0.1
2 0.8125 0.5458333333333333 0.06796875 0.07291666666666667
2 0.4703125 0.44895833333333335 0.05390625 0.059375
2 0.1953125 0.409375 0.04140625 0.057291666666666664
2 0.16015625 0.6697916666666667 0.0515625 0.08333333333333333
2 0.21796875 0.503125 0.04921875 0.07916666666666666
2 0.0359375 0.6625 0.06640625 0.10833333333333334
2 0.1140625 0.5552083333333333 0.0421875 0.08645833333333333