2 0.6 0.4979166666666667 0.04453125 0.06354166666666666
2 0.94375 0.4708333333333333 0.07578125 0.09583333333333334
2 0.95078125 0.7989583333333333 0.0984375 0.10833333333333334
2 0.8953125 0.703125 0.09375 0.12291666666666666
2 0.73203125 0.3770833333333333 0.04921875 0.08645833333333333
2 0.73984375 0.4479166666666667 0.06640625 0.08645833333333333
2 0.6953125 0.37395833333333334 0.05234375 0.08958333333333333
2 0.34453125 0.6302083333333334 0.059375 0.09583333333333334
2 0.403125 0.6520833333333333 0.05234375 0.08854166666666667
2 0.45546875 0.5791666666666667 0.0625 0.090625
2 0.5578125 0.5635416666666667 0.05546875 0.075
2 0.4984375 0.47708333333333336 0.05 0.058333333333333334
2 0.42578125 0.6760416666666667 0.0484375 0.06666666666666667
1 0.503125 0.83125 0.07578125 0.13645833333333332
2 0.56875 0.81875 0.07109375 0.103125
2 0.50859375 0.6416666666666667 0.053125 0.07395833333333333
2 0.8109375 0.30833333333333335 0.04609375 0.0625