0 0.4 0.036458333333333336 0.0609375 0.07291666666666667
0 0.853125 0.9375 0.13359375 0.12395833333333334
0 0.98203125 0.915625 0.0359375 0.16875
0 0.934375 0.878125 0.11171875 0.19166666666666668
1 0.8984375 0.80625 0.1796875 0.14583333333333334
0 0.73984375 0.9052083333333333 0.12421875 0.18958333333333333
0 0.7625 0.7583333333333333 0.11640625 0.21666666666666667
0 0.8421875 0.6072916666666667 0.1265625 0.184375
1 0.51875 0.125 0.04453125 0.17916666666666667
2 0.55703125 0.7052083333333333 0.06484375 0.12083333333333333
2 0.62109375 0.9177083333333333 0.0484375 0.06145833333333333
2 0.66953125 0.7260416666666667 0.04140625 0.04895833333333333
2 0.6703125 0.07395833333333333 0.0421875 0.05520833333333333