2 0.9671875 0.4864583333333333 0.065625 0.11979166666666667
2 0.9578125 0.6020833333333333 0.08359375 0.10416666666666667
2 0.2671875 0.34479166666666666 0.04375 0.08125
2 0.228125 0.4197916666666667 0.05703125 0.07395833333333333
2 0.1125 0.44166666666666665 0.04296875 0.05
2 0.1265625 0.453125 0.053125 0.05
2 0.134375 0.4822916666666667 0.05703125 0.06666666666666667
2 0.73203125 0.9145833333333333 0.16484375 0.17083333333333334
2 0.734375 0.3416666666666667 0.05234375 0.07916666666666666
1 0.79609375 0.43645833333333334 0.1203125 0.07604166666666666
2 0.82734375 0.284375 0.0609375 0.07395833333333333
2 0.803125 0.21666666666666667 0.04609375 0.058333333333333334
2 0.79921875 0.16875 0.04609375 0.05416666666666667
2 0.9359375 0.2864583333333333 0.07109375 0.08958333333333333
2 0.93203125 0.37083333333333335 0.075 0.078125
2 0.8828125 0.509375 0.10390625 0.109375
2 0.63828125 0.5666666666666667 0.0734375 0.13541666666666666
2 0.653125 0.665625 0.08828125 0.09583333333333334
2 0.5859375 0.5375 0.12890625 0.18854166666666666