2 0.54375 0.44375 0.0515625 0.07083333333333333
2 0.69453125 0.715625 0.090625 0.125
2 0.52578125 0.84375 0.07734375 0.134375
2 0.575 0.9052083333333333 0.0828125 0.11458333333333333
2 0.3984375 0.778125 0.06328125 0.10625
2 0.34453125 0.703125 0.071875 0.10104166666666667
2 0.05625 0.42916666666666664 0.0453125 0.057291666666666664
2 0.0953125 0.728125 0.0921875 0.13020833333333334
2 0.5875 0.17291666666666666 0.03515625 0.046875
2 0.54921875 0.18645833333333334 0.03671875 0.051041666666666666
2 0.43046875 0.29375 0.0453125 0.06666666666666667
2 0.23359375 0.31354166666666666 0.03203125 0.05520833333333333
2 0.19765625 0.40208333333333335 0.0375 0.06041666666666667
1 0.3296875 0.6364583333333333 0.10625 0.08854166666666667
2 0.36015625 0.47291666666666665 0.05546875 0.06666666666666667
2 0.53046875 0.3614583333333333 0.0609375 0.058333333333333334
2 0.696875 0.2947916666666667 0.0484375 0.04583333333333333
2 0.7140625 0.2520833333333333 0.05703125 0.05
2 0.9234375 0.2635416666666667 0.05625 0.058333333333333334
2 0.76171875 0.5166666666666667 0.0859375 0.08333333333333333
2 0.775 0.39166666666666666 0.08203125 0.125
2 0.8625 0.43333333333333335 0.0765625 0.09791666666666667
2 0.95390625 0.49375 0.0921875 0.146875
2 0.95078125 0.6385416666666667 0.0984375 0.16875
2 0.9296875 0.7447916666666666 0.11015625 0.16875
2 0.9703125 0.8520833333333333 0.05078125 0.17916666666666667
2 0.8859375 0.8895833333333333 0.15390625 0.19166666666666668
2 0.55625 0.6041666666666666 0.0765625 0.08020833333333334
2 0.4671875 0.8197916666666667 0.084375 0.15
2 0.4 0.42916666666666664 0.03359375 0.08020833333333334
2 0.64375 0.8052083333333333 0.09296875 0.13854166666666667
2 0.70703125 0.10625 0.0296875 0.052083333333333336