1 0.96640625 0.5458333333333333 0.0671875 0.065625
2 0.54453125 0.2791666666666667 0.04453125 0.07083333333333333
2 0.3421875 0.29583333333333334 0.04375 0.0625
2 0.296875 0.4739583333333333 0.04765625 0.058333333333333334
2 0.37734375 0.42604166666666665 0.05390625 0.07604166666666666
2 0.409375 0.35625 0.04765625 0.07604166666666666
2 0.43515625 0.39375 0.04375 0.07916666666666666
2 0.84375 0.7947916666666667 0.084375 0.10833333333333334
2 0.80703125 0.7395833333333334 0.07421875 0.10833333333333334
2 0.82734375 0.671875 0.071875 0.12916666666666668
2 0.75390625 0.6375 0.1234375 0.21145833333333333
2 0.45625 0.9229166666666667 0.09921875 0.15416666666666667
2 0.16640625 0.44583333333333336 0.0640625 0.071875
2 0.0359375 0.7875 0.0671875 0.096875
2 0.284375 0.44375 0.0484375 0.04375
2 0.48125 0.28229166666666666 0.05 0.05416666666666667
2 0.4515625 0.25833333333333336 0.0375 0.03958333333333333
2 0.4328125 0.16145833333333334 0.04296875 0.05520833333333333
2 0.46875 0.11979166666666667 0.046875 0.03854166666666667
2 0.52265625 0.16770833333333332 0.0328125 0.06145833333333333
2 0.18671875 0.16354166666666667 0.03828125 0.046875