3 0.54453125 0.965625 0.025 0.04791666666666667
3 0.6 0.95 0.0328125 0.053125
3 0.6703125 0.8833333333333333 0.053125 0.08229166666666667
2 0.83046875 0.740625 0.0453125 0.058333333333333334
2 0.3625 0.371875 0.028125 0.041666666666666664
2 0.48984375 0.14583333333333334 0.0234375 0.040625
0 0.3578125 0.703125 0.05 0.08020833333333334
0 0.36484375 0.6333333333333333 0.04140625 0.07708333333333334
0 0.4328125 0.49583333333333335 0.04453125 0.08333333333333333
0 0.4640625 0.6291666666666667 0.0453125 0.08333333333333333
0 0.39921875 0.84375 0.04921875 0.08645833333333333
1 0.325 0.4583333333333333 0.028125 0.09479166666666666
1 0.46484375 0.575 0.046875 0.053125
1 0.46015625 0.3125 0.021875 0.03333333333333333
1 0.50390625 0.253125 0.0390625 0.0375
1 0.41640625 0.16666666666666666 0.03515625 0.035416666666666666
1 0.48203125 0.036458333333333336 0.02421875 0.04583333333333333
1 0.44140625 0.07395833333333333 0.01953125 0.035416666666666666