2 0.90390625 0.42916666666666664 0.06875 0.06145833333333333
2 0.459375 0.21041666666666667 0.04609375 0.09270833333333334
2 0.553125 0.18854166666666666 0.03828125 0.04583333333333333
2 0.59375 0.196875 0.04140625 0.04895833333333333
2 0.13984375 0.3375 0.0609375 0.08541666666666667
2 0.08203125 0.3729166666666667 0.046875 0.05625
2 0.04453125 0.48541666666666666 0.06953125 0.11875
2 0.4 0.6135416666666667 0.10625 0.19270833333333334
2 0.73125 0.646875 0.190625 0.3125
2 0.3453125 0.3020833333333333 0.06875 0.10833333333333334
2 0.5578125 0.125 0.08515625 0.11354166666666667
2 0.5859375 0.034375 0.090625 0.06458333333333334
2 0.1484375 0.17083333333333334 0.04765625 0.06979166666666667
2 0.50625 0.24270833333333333 0.0703125 0.103125