2 0.01953125 0.48854166666666665 0.0375 0.03854166666666667
2 0.028125 0.509375 0.04453125 0.042708333333333334
2 0.54921875 0.5947916666666667 0.0546875 0.08333333333333333
2 0.5171875 0.6552083333333333 0.06953125 0.08333333333333333
2 0.9171875 0.45416666666666666 0.05234375 0.090625
2 0.5390625 0.825 0.07578125 0.11979166666666667
2 0.484375 0.8541666666666666 0.07890625 0.11770833333333333
2 0.484375 0.50625 0.1125 0.15833333333333333
2 0.19609375 0.42916666666666664 0.0453125 0.07916666666666666
2 0.1296875 0.4583333333333333 0.05625 0.075
2 0.05859375 0.3697916666666667 0.05 0.06875
2 0.8078125 0.33958333333333335 0.0609375 0.06979166666666667
2 0.73515625 0.33958333333333335 0.05 0.06666666666666667
2 0.7375 0.27395833333333336 0.0578125 0.06354166666666666
2 0.70625 0.44583333333333336 0.0609375 0.075
2 0.61171875 0.771875 0.103125 0.14375
2 0.459375 0.9458333333333333 0.115625 0.10833333333333334
2 0.96328125 0.86875 0.0734375 0.15
1 0.6375 0.41041666666666665 0.08046875 0.06458333333333334
2 0.6375 0.22395833333333334 0.03828125 0.058333333333333334
2 0.63359375 0.17604166666666668 0.034375 0.04583333333333333
2 0.04140625 0.540625 0.05234375 0.075
2 0.1625 0.39166666666666666 0.0390625 0.07083333333333333
2 0.53359375 0.515625 0.05546875 0.10833333333333334