2 0.384375 0.24166666666666667 0.06015625 0.08020833333333334
2 0.11953125 0.2947916666666667 0.0625 0.1
2 0.2078125 0.19791666666666666 0.05859375 0.065625
2 0.39296875 0.5354166666666667 0.0875 0.14270833333333333
2 0.62421875 0.6625 0.14921875 0.22604166666666667
2 0.575 0.15 0.075 0.10208333333333333
2 0.615625 0.07083333333333333 0.0765625 0.0875
2 0.78203125 0.5666666666666667 0.05546875 0.053125
2 0.4828125 0.19583333333333333 0.05546875 0.06770833333333333
2 0.51484375 0.24375 0.065625 0.090625
2 0.55859375 0.22291666666666668 0.03515625 0.04375
2 0.5953125 0.234375 0.0421875 0.04375