2 0.44140625 0.30104166666666665 0.02890625 0.04375
2 0.48125 0.278125 0.03515625 0.036458333333333336
2 0.975 0.465625 0.05 0.0625
2 0.8953125 0.9166666666666666 0.06953125 0.10208333333333333
2 0.86328125 0.9635416666666666 0.11796875 0.071875
2 0.85390625 0.3770833333333333 0.04453125 0.07395833333333333
2 0.8796875 0.353125 0.0484375 0.06666666666666667
2 0.9125 0.3333333333333333 0.059375 0.0625
2 0.8734375 0.48854166666666665 0.05625 0.07083333333333333
2 0.790625 0.3875 0.05234375 0.065625
2 0.746875 0.37083333333333335 0.046875 0.059375
2 0.553125 0.4083333333333333 0.03984375 0.041666666666666664
2 0.5796875 0.36666666666666664 0.0421875 0.05416666666666667
2 0.40078125 0.7104166666666667 0.07109375 0.07708333333333334
2 0.4625 0.9010416666666666 0.075 0.10416666666666667
2 0.5046875 0.8166666666666667 0.071875 0.10729166666666666
2 0.72421875 0.71875 0.08515625 0.12916666666666668
2 0.6875 0.8145833333333333 0.09296875 0.11875
2 0.63046875 0.9354166666666667 0.1078125 0.12916666666666668
2 0.725 0.8947916666666667 0.0828125 0.12291666666666666
2 0.9453125 0.690625 0.109375 0.12708333333333333
2 0.753125 0.590625 0.096875 0.11875
2 0.68046875 0.5427083333333333 0.05390625 0.0875
2 0.61015625 0.4947916666666667 0.06171875 0.090625
2 0.58046875 0.6291666666666667 0.06953125 0.08229166666666667
2 0.28203125 0.5541666666666667 0.03828125 0.06875
2 0.2484375 0.6072916666666667 0.04921875 0.058333333333333334
2 0.075 0.5697916666666667 0.03046875 0.03958333333333333
2 0.1125 0.5354166666666667 0.0328125 0.051041666666666666
2 0.31875 0.4270833333333333 0.05 0.06666666666666667
2 0.59453125 0.265625 0.03515625 0.05
2 0.43984375 0.26979166666666665 0.0328125 0.036458333333333336
2 0.59140625 0.21666666666666667 0.0265625 0.04791666666666667