2 0.7796875 0.2125 0.0421875 0.042708333333333334
2 0.871875 0.9291666666666667 0.10703125 0.1375
2 0.85234375 0.7895833333333333 0.08671875 0.16770833333333332
2 0.76328125 0.7322916666666667 0.1515625 0.25729166666666664
2 0.3125 0.31354166666666666 0.05234375 0.07916666666666666
2 0.3875 0.371875 0.0515625 0.08020833333333334
2 0.4140625 0.42604166666666665 0.05703125 0.08958333333333333
2 0.34375 0.43645833333333334 0.05546875 0.08125
2 0.253125 0.49375 0.0578125 0.059375
2 0.10859375 0.4510416666666667 0.065625 0.08645833333333333
2 0.4640625 0.3104166666666667 0.05546875 0.06875
2 0.4296875 0.284375 0.04140625 0.051041666666666666
2 0.41484375 0.17291666666666666 0.03515625 0.04583333333333333
2 0.50625 0.1875 0.0359375 0.05625
2 0.5296875 0.30625 0.0484375 0.07083333333333333
2 0.4828125 0.4114583333333333 0.06171875 0.078125
2 0.2421875 0.4666666666666667 0.0546875 0.04583333333333333
2 0.23125 0.44166666666666665 0.0421875 0.03958333333333333