2 0.46953125 0.8791666666666667 0.0609375 0.1
2 0.34453125 0.3875 0.04296875 0.0625
2 0.29453125 0.546875 0.04375 0.046875
2 0.44296875 0.47708333333333336 0.05703125 0.08229166666666667
2 0.415625 0.4322916666666667 0.04375 0.08125
2 0.8890625 0.8458333333333333 0.09453125 0.134375
2 0.8390625 0.8010416666666667 0.08515625 0.13125
2 0.85625 0.7208333333333333 0.08828125 0.1375
2 0.7734375 0.675 0.15 0.2125
2 0.37734375 0.49583333333333335 0.05390625 0.075
2 0.16875 0.5375 0.05625 0.06666666666666667
2 0.4578125 0.9625 0.103125 0.07395833333333333
2 0.4390625 0.25625 0.040625 0.053125
2 0.47578125 0.215625 0.0375 0.05
2 0.5234375 0.25729166666666664 0.0296875 0.08020833333333334
2 0.48359375 0.36666666666666664 0.05546875 0.07083333333333333
2 0.453125 0.34375 0.0421875 0.05
2 0.5484375 0.3614583333333333 0.04921875 0.075
2 0.28125 0.5208333333333334 0.05 0.052083333333333336