3 0.315625 0.3104166666666667 0.03515625 0.057291666666666664
2 0.13359375 0.44479166666666664 0.0234375 0.03229166666666667
0 0.984375 0.20208333333333334 0.03046875 0.07916666666666666
0 0.9796875 0.12083333333333333 0.0359375 0.07708333333333334
2 0.9421875 0.153125 0.04140625 0.078125
2 0.76875 0.09895833333333333 0.0328125 0.04479166666666667
2 0.59765625 0.38125 0.03671875 0.0375
2 0.19765625 0.49270833333333336 0.02421875 0.029166666666666667
2 0.23671875 0.5166666666666667 0.028125 0.03229166666666667
2 0.1890625 0.5666666666666667 0.028125 0.03229166666666667
2 0.16953125 0.621875 0.03125 0.03125
2 0.31875 0.575 0.0265625 0.04791666666666667
2 0.3109375 0.6177083333333333 0.03125 0.05416666666666667
3 0.278125 0.6135416666666667 0.053125 0.078125
1 0.24609375 0.5770833333333333 0.03046875 0.059375
3 0.46796875 0.33125 0.0359375 0.04375
3 0.4078125 0.42604166666666665 0.04140625 0.065625
3 0.4546875 0.45208333333333334 0.06015625 0.078125
3 0.871875 0.40729166666666666 0.13828125 0.10416666666666667
3 0.98359375 0.9541666666666667 0.03203125 0.09166666666666666
3 0.40703125 0.5770833333333333 0.0625 0.09583333333333334
3 0.52734375 0.815625 0.1328125 0.24583333333333332