2 0.63828125 0.35833333333333334 0.03828125 0.05520833333333333
2 0.471875 0.78125 0.0453125 0.075
2 0.5359375 0.7395833333333334 0.0453125 0.075
2 0.68203125 0.71875 0.053125 0.09166666666666666
2 0.678125 0.6166666666666667 0.05234375 0.08125
2 0.7609375 0.634375 0.04765625 0.08229166666666667
2 0.67734375 0.8541666666666666 0.04609375 0.075
2 0.75234375 0.7833333333333333 0.04375 0.07604166666666666
2 0.56171875 0.96875 0.05546875 0.0625
2 0.7015625 0.9604166666666667 0.0671875 0.07916666666666666
2 0.925 0.396875 0.05625 0.05625
2 0.809375 0.253125 0.0375 0.046875
2 0.54296875 0.47604166666666664 0.03515625 0.042708333333333334