1 0.9609375 0.5197916666666667 0.078125 0.15416666666666667
2 0.675 0.3927083333333333 0.065625 0.09583333333333334
2 0.709375 0.5708333333333333 0.05 0.05625
2 0.78515625 0.425 0.03984375 0.034375
3 0.38984375 0.7791666666666667 0.09375 0.22083333333333333
3 0.459375 0.609375 0.1015625 0.13645833333333332
0 0.734375 0.8 0.1265625 0.2125
0 0.78359375 0.9385416666666667 0.1140625 0.12291666666666666
0 0.85078125 0.828125 0.10078125 0.19895833333333332
0 0.9515625 0.8447916666666667 0.09609375 0.18125
0 0.94765625 0.6916666666666667 0.1046875 0.22083333333333333
0 0.8390625 0.596875 0.11015625 0.2125
0 0.8859375 0.45729166666666665 0.11953125 0.18854166666666666
0 0.96796875 0.3541666666666667 0.0640625 0.20416666666666666