2 0.7921875 0.6822916666666666 0.05390625 0.05520833333333333
2 0.61796875 0.275 0.07890625 0.096875
2 0.63203125 0.35833333333333334 0.03828125 0.04479166666666667
2 0.6015625 0.3385416666666667 0.03125 0.041666666666666664
2 0.528125 0.30625 0.0578125 0.06979166666666667
2 0.5546875 0.3572916666666667 0.05546875 0.075
2 0.659375 0.20625 0.0765625 0.08020833333333334
2 0.53515625 0.11979166666666667 0.04609375 0.0625
2 0.43984375 0.340625 0.05 0.06041666666666667
2 0.64453125 0.75 0.13046875 0.2125
2 0.43984375 0.5989583333333334 0.07734375 0.13333333333333333
2 0.2125 0.34375 0.0671875 0.090625
1 0.96171875 0.215625 0.0765625 0.121875
2 0.26328125 0.06354166666666666 0.0296875 0.041666666666666664