3 0.5578125 0.9270833333333334 0.03671875 0.065625
3 0.6109375 0.9145833333333333 0.03125 0.058333333333333334
3 0.68515625 0.8458333333333333 0.05703125 0.07604166666666666
1 0.496875 0.559375 0.05546875 0.05416666666666667
2 0.39765625 0.36666666666666664 0.02734375 0.035416666666666666
2 0.84765625 0.7104166666666667 0.04609375 0.0625
2 0.52265625 0.13958333333333334 0.01953125 0.041666666666666664
1 0.4796875 0.08125 0.02734375 0.03125
1 0.515625 0.029166666666666667 0.0234375 0.046875
1 0.4546875 0.1625 0.0359375 0.040625
1 0.49296875 0.30104166666666665 0.01796875 0.030208333333333334
1 0.534375 0.23958333333333334 0.034375 0.03958333333333333
1 0.3609375 0.4427083333333333 0.028125 0.09583333333333334
0 0.465625 0.4822916666666667 0.0484375 0.08125
0 0.48671875 0.6125 0.03984375 0.06979166666666667
0 0.39921875 0.6145833333333334 0.046875 0.07916666666666666
0 0.3953125 0.6822916666666666 0.0421875 0.078125
0 0.42265625 0.81875 0.05 0.09583333333333334
0 0.33515625 0.7145833333333333 0.04140625 0.07083333333333333
0 0.29921875 0.6395833333333333 0.0453125 0.08020833333333334