2 0.71015625 0.253125 0.0359375 0.052083333333333336
2 0.66640625 0.24791666666666667 0.0296875 0.041666666666666664
2 0.19140625 0.36354166666666665 0.078125 0.08541666666666667
2 0.27734375 0.28125 0.07265625 0.065625
2 0.296875 0.1375 0.053125 0.058333333333333334
2 0.4734375 0.26979166666666665 0.07421875 0.1
2 0.51328125 0.5479166666666667 0.090625 0.15416666666666667
2 0.815625 0.6583333333333333 0.18359375 0.26666666666666666
2 0.93203125 0.8145833333333333 0.13203125 0.175
2 0.953125 0.22708333333333333 0.09375 0.12083333333333333
2 0.6203125 0.27291666666666664 0.0640625 0.09270833333333334
2 0.5671875 0.23541666666666666 0.0609375 0.0875
2 0.23046875 0.103125 0.03515625 0.05
2 0.2234375 0.3020833333333333 0.02265625 0.028125