2 0.978125 0.38125 0.04296875 0.046875
2 0.821875 0.625 0.0328125 0.04375
2 0.7484375 0.490625 0.03125 0.03333333333333333
2 0.90625 0.7145833333333333 0.084375 0.12083333333333333
2 0.765625 0.646875 0.07421875 0.10520833333333333
3 0.94765625 0.2625 0.1046875 0.09895833333333333
2 0.9015625 0.4239583333333333 0.065625 0.058333333333333334
2 0.828125 0.446875 0.08046875 0.06979166666666667
2 0.690625 0.4635416666666667 0.06640625 0.08333333333333333
2 0.53828125 0.28125 0.04609375 0.046875
2 0.45703125 0.49583333333333335 0.03203125 0.034375
2 0.3984375 0.3645833333333333 0.046875 0.04479166666666667
2 0.059375 0.20625 0.034375 0.05625
2 0.4734375 0.921875 0.065625 0.09895833333333333