2 0.2546875 0.15625 0.04765625 0.058333333333333334
2 0.190625 0.3125 0.0265625 0.03854166666666667
2 0.60390625 0.19375 0.0328125 0.041666666666666664
2 0.65078125 0.19270833333333334 0.03984375 0.052083333333333336
2 0.52734375 0.20833333333333334 0.04921875 0.07395833333333333
2 0.5703125 0.23333333333333334 0.0546875 0.07708333333333334
2 0.15 0.38125 0.06015625 0.08854166666666667
2 0.23984375 0.284375 0.05546875 0.07395833333333333
2 0.7453125 0.571875 0.17265625 0.24895833333333334
2 0.9078125 0.42291666666666666 0.06796875 0.0625
2 0.4640625 0.515625 0.09765625 0.15416666666666667
2 0.621875 0.146875 0.08046875 0.09270833333333334
2 0.64921875 0.075 0.06796875 0.071875
2 0.42421875 0.27291666666666664 0.06953125 0.071875