2 0.296875 0.5 0.053125 0.04791666666666667
2 0.95234375 0.9229166666666667 0.0953125 0.15416666666666667
2 0.91640625 0.871875 0.11796875 0.14375
2 0.9328125 0.7604166666666666 0.10546875 0.17291666666666666
2 0.83828125 0.7177083333333333 0.18046875 0.2625
2 0.4671875 0.45416666666666666 0.05625 0.08020833333333334
2 0.4390625 0.403125 0.0484375 0.09270833333333334
2 0.3953125 0.4708333333333333 0.05625 0.09166666666666666
2 0.309375 0.5302083333333333 0.05546875 0.06458333333333334
2 0.17421875 0.50625 0.065625 0.06666666666666667
2 0.8359375 0.20208333333333334 0.05234375 0.052083333333333336
2 0.5734375 0.334375 0.0640625 0.09479166666666666
2 0.5078125 0.3375 0.0625 0.07395833333333333
2 0.47421875 0.309375 0.0453125 0.0625
2 0.4609375 0.21354166666666666 0.03359375 0.04583333333333333
2 0.55390625 0.21145833333333333 0.028125 0.059375
2 0.3609375 0.35833333333333334 0.05625 0.08020833333333334