0 0.3890625 0.03958333333333333 0.0546875 0.078125
0 0.96953125 0.8447916666666667 0.0609375 0.18958333333333333
0 0.89765625 0.8614583333333333 0.10546875 0.18333333333333332
0 0.82109375 0.928125 0.11796875 0.14375
0 0.71640625 0.8979166666666667 0.11875 0.20416666666666666
0 0.73515625 0.7458333333333333 0.10390625 0.1875
0 0.8171875 0.603125 0.109375 0.17916666666666667
0 0.98125 0.38333333333333336 0.03671875 0.12916666666666668
1 0.865625 0.7895833333333333 0.1609375 0.13541666666666666
1 0.5078125 0.13333333333333333 0.0421875 0.16770833333333332
2 0.54609375 0.6989583333333333 0.06171875 0.11666666666666667
2 0.60234375 0.8947916666666667 0.0453125 0.05625
2 0.65078125 0.7135416666666666 0.03828125 0.046875
2 0.65546875 0.08020833333333334 0.0421875 0.05520833333333333