2 0.76875 0.5208333333333334 0.05234375 0.07708333333333334
2 0.7984375 0.8104166666666667 0.084375 0.12916666666666668
2 0.54140625 0.875 0.0734375 0.12916666666666668
2 0.4375 0.9270833333333334 0.0875 0.14583333333333334
2 0.38359375 0.8958333333333334 0.0421875 0.11145833333333334
2 0.3578125 0.7510416666666667 0.0578125 0.090625
2 0.43984375 0.6010416666666667 0.05078125 0.10416666666666667
2 0.49375 0.4322916666666667 0.04296875 0.06979166666666667
2 0.471875 0.33229166666666665 0.03984375 0.052083333333333336
2 0.47578125 0.375 0.04375 0.051041666666666666
2 0.40234375 0.428125 0.04375 0.06875
2 0.3390625 0.5104166666666666 0.07109375 0.08645833333333333
2 0.296875 0.5989583333333334 0.05546875 0.10729166666666666