2 0.96953125 0.51875 0.0609375 0.06666666666666667
3 0.93125 0.39479166666666665 0.08984375 0.0875
2 0.89296875 0.5625 0.0515625 0.06354166666666666
2 0.8265625 0.578125 0.0734375 0.07916666666666666
2 0.7578125 0.6166666666666667 0.0234375 0.029166666666666667
2 0.71015625 0.6041666666666666 0.05546875 0.058333333333333334
2 0.89296875 0.8489583333333334 0.07578125 0.12083333333333333
2 0.82421875 0.7572916666666667 0.03125 0.03854166666666667
2 0.771875 0.7802083333333333 0.06796875 0.09375
2 0.496875 0.609375 0.0328125 0.035416666666666666
2 0.1 0.271875 0.034375 0.05416666666666667
2 0.43359375 0.46458333333333335 0.04609375 0.053125
2 0.55625 0.39166666666666666 0.0359375 0.042708333333333334
3 0.53359375 0.9885416666666667 0.0359375 0.022916666666666665