0 0.77734375 0.090625 0.03203125 0.051041666666666666
0 0.7796875 0.03125 0.03125 0.04479166666666667
2 0.2015625 0.5447916666666667 0.0234375 0.035416666666666666
2 0.18125 0.6083333333333333 0.028125 0.041666666666666664
1 0.3296875 0.6270833333333333 0.05078125 0.084375
3 0.38046875 0.30520833333333336 0.03125 0.053125
3 0.409375 0.309375 0.0390625 0.051041666666666666
3 0.359375 0.37916666666666665 0.04296875 0.0625
3 0.97421875 0.075 0.05078125 0.11458333333333333
3 0.65234375 0.20625 0.07109375 0.06875
3 0.67265625 0.5020833333333333 0.05078125 0.10104166666666667
3 0.415625 0.475 0.07734375 0.14270833333333333
3 0.60703125 0.8927083333333333 0.11953125 0.21458333333333332
2 0.690625 0.5604166666666667 0.04140625 0.06041666666666667