2 0.5296875 0.4197916666666667 0.02265625 0.04791666666666667
1 0.24296875 0.540625 0.04296875 0.07708333333333334
2 0.1265625 0.5041666666666667 0.02734375 0.040625
2 0.10703125 0.5583333333333333 0.0296875 0.0375
3 0.46171875 0.6989583333333333 0.08359375 0.13541666666666666
3 0.51953125 0.375 0.03515625 0.075
3 0.5125 0.13854166666666667 0.06171875 0.05625
3 0.31796875 0.39166666666666666 0.06484375 0.11666666666666667
3 0.27109375 0.325 0.03671875 0.058333333333333334
3 0.32109375 0.2625 0.02890625 0.052083333333333336
3 0.75234375 0.025 0.05 0.05