2 0.3265625 0.3229166666666667 0.0296875 0.06041666666666667
2 0.34609375 0.18125 0.02734375 0.04375
3 0.084375 0.5864583333333333 0.08046875 0.14895833333333333
2 0.64609375 0.14895833333333333 0.065625 0.09791666666666667
2 0.94140625 0.190625 0.1171875 0.09895833333333333
2 0.6171875 0.346875 0.04765625 0.058333333333333334
2 0.4828125 0.303125 0.0296875 0.04791666666666667
2 0.496875 0.3729166666666667 0.06953125 0.10104166666666667
2 0.3578125 0.3645833333333333 0.03359375 0.06145833333333333
2 0.596875 0.14270833333333333 0.053125 0.06979166666666667
2 0.54140625 0.09166666666666666 0.03046875 0.06770833333333333
2 0.55234375 0.109375 0.0359375 0.06666666666666667
2 0.278125 0.440625 0.02890625 0.04895833333333333
2 0.07578125 0.50625 0.03828125 0.053125
2 0.1265625 0.44375 0.0265625 0.065625
2 0.565625 0.020833333333333332 0.03828125 0.040625