0 0.9609375 0.7010416666666667 0.0765625 0.121875
1 0.915625 0.2604166666666667 0.125 0.11145833333333334
2 0.64375 0.16770833333333332 0.06328125 0.08333333333333333
2 0.484375 0.9520833333333333 0.0984375 0.09583333333333334
2 0.403125 0.90625 0.0453125 0.084375
3 0.43203125 0.3541666666666667 0.1078125 0.13020833333333334
3 0.3765625 0.5010416666666667 0.08046875 0.16979166666666667
3 0.05234375 0.565625 0.06328125 0.16145833333333334
1 0.48671875 0.8729166666666667 0.0984375 0.06770833333333333
0 0.940625 0.08645833333333333 0.11796875 0.17291666666666666
0 0.81640625 0.18645833333333334 0.11953125 0.20625
0 0.76328125 0.31875 0.109375 0.19270833333333334
0 0.9609375 0.29375 0.07734375 0.178125
0 0.86328125 0.36770833333333336 0.09921875 0.190625
0 0.8453125 0.48541666666666666 0.09140625 0.190625
0 0.76875 0.496875 0.08046875 0.14583333333333334
0 0.76015625 0.778125 0.084375 0.13125
0 0.70859375 0.6239583333333333 0.09765625 0.17708333333333334
0 0.6625 0.48020833333333335 0.10078125 0.19479166666666667
2 0.66171875 0.30625 0.04375 0.046875
1 0.8703125 0.8760416666666667 0.128125 0.24791666666666667
1 0.959375 0.7958333333333333 0.08125 0.11979166666666667