3 0.45078125 0.8416666666666667 0.02265625 0.04375
3 0.4953125 0.84375 0.0375 0.06979166666666667
2 0.40859375 0.275 0.028125 0.034375
3 0.5796875 0.7927083333333333 0.05625 0.08020833333333334
2 0.7671875 0.684375 0.046875 0.06145833333333333
1 0.3640625 0.3541666666666667 0.03046875 0.103125
0 0.4546875 0.4 0.04453125 0.078125
0 0.3890625 0.5322916666666667 0.0328125 0.0625
0 0.378125 0.5989583333333334 0.0390625 0.07083333333333333
0 0.36484375 0.73125 0.03203125 0.0625
0 0.290625 0.5354166666666667 0.0390625 0.06666666666666667
0 0.31953125 0.6125 0.03515625 0.06875
0 0.26015625 0.6072916666666667 0.0421875 0.06145833333333333
0 0.0984375 0.7822916666666667 0.04140625 0.06875
0 0.05390625 0.85 0.03203125 0.05416666666666667
1 0.478125 0.48333333333333334 0.0515625 0.042708333333333334
1 0.50078125 0.225 0.0203125 0.029166666666666667
1 0.55 0.16458333333333333 0.03125 0.03958333333333333
1 0.48046875 0.07916666666666666 0.03125 0.03958333333333333
2 0.54765625 0.05520833333333333 0.02421875 0.042708333333333334