2 0.56640625 0.3072916666666667 0.0328125 0.05
2 0.32578125 0.2833333333333333 0.034375 0.05
2 0.3703125 0.26979166666666665 0.03984375 0.046875
2 0.3171875 0.5135416666666667 0.04140625 0.06875
2 0.28359375 0.49895833333333334 0.05625 0.06979166666666667
2 0.775 0.525 0.04765625 0.0625
2 0.096875 0.3854166666666667 0.05 0.05416666666666667
2 0.56640625 0.38125 0.04375 0.03854166666666667
2 0.49140625 0.35520833333333335 0.03515625 0.041666666666666664
2 0.434375 0.39479166666666665 0.0453125 0.05520833333333333
2 0.4 0.43645833333333334 0.046875 0.059375
2 0.4265625 0.496875 0.046875 0.06145833333333333
2 0.428125 0.5479166666666667 0.040625 0.06145833333333333
2 0.5421875 0.66875 0.0578125 0.10208333333333333
2 0.43125 0.634375 0.04921875 0.08229166666666667
2 0.4640625 0.6739583333333333 0.0578125 0.090625
2 0.43125 0.8697916666666666 0.06171875 0.10833333333333334
2 0.39765625 0.76875 0.03828125 0.09166666666666666
2 0.2890625 0.6354166666666666 0.04921875 0.07708333333333334
2 0.50390625 0.475 0.040625 0.06666666666666667