2 0.525 0.578125 0.034375 0.06666666666666667
2 0.27734375 0.48333333333333334 0.0359375 0.06979166666666667
2 0.68984375 0.7239583333333334 0.059375 0.09583333333333334
2 0.728125 0.4 0.09375 0.159375
2 0.496875 0.5583333333333333 0.0421875 0.07916666666666666
2 0.5 0.6822916666666666 0.1078125 0.15
2 0.3171875 0.5666666666666667 0.046875 0.090625
2 0.02265625 0.5635416666666667 0.0421875 0.07916666666666666
2 0.32734375 0.28854166666666664 0.0328125 0.06458333333333334
2 0.6546875 0.375 0.08984375 0.07604166666666666
2 0.578125 0.24583333333333332 0.0296875 0.07291666666666667
2 0.5921875 0.2708333333333333 0.034375 0.07395833333333333
2 0.6015625 0.146875 0.05390625 0.04583333333333333
2 0.2046875 0.6354166666666666 0.04921875 0.05416666666666667
3 0.38203125 0.16041666666666668 0.05 0.052083333333333336
3 0.4796875 0.03958333333333333 0.0390625 0.05