2 0.8609375 0.9052083333333333 0.1234375 0.18958333333333333
2 0.4390625 0.5989583333333334 0.0390625 0.0625
2 0.478125 0.2791666666666667 0.0375 0.05
2 0.49765625 0.31666666666666665 0.05 0.05625
2 0.55859375 0.296875 0.04296875 0.06041666666666667
2 0.6203125 0.33229166666666665 0.04609375 0.058333333333333334
2 0.90625 0.675 0.0546875 0.09583333333333334
2 0.78515625 0.29270833333333335 0.0453125 0.078125
2 0.8203125 0.3229166666666667 0.034375 0.057291666666666664
2 0.7890625 0.36666666666666664 0.04609375 0.075
2 0.5609375 0.3489583333333333 0.0359375 0.06458333333333334
2 0.546875 0.4427083333333333 0.0546875 0.071875
2 0.77265625 0.5479166666666667 0.06796875 0.08229166666666667
2 0.7609375 0.6125 0.06171875 0.075
2 0.7359375 0.6666666666666666 0.05546875 0.09166666666666666
2 0.4875 0.721875 0.07265625 0.096875
2 0.40703125 0.9104166666666667 0.084375 0.15833333333333333
2 0.10703125 0.5708333333333333 0.05546875 0.08854166666666667
2 0.0375 0.628125 0.05625 0.0875
2 0.378125 0.54375 0.0875 0.12604166666666666