0 0.65625 0.4739583333333333 0.03671875 0.07083333333333333
0 0.58515625 0.5479166666666667 0.03046875 0.05625
0 0.56796875 0.5947916666666667 0.03515625 0.071875
0 0.5109375 0.5104166666666666 0.02890625 0.06354166666666666
0 0.521875 0.5854166666666667 0.028125 0.075
0 0.50234375 0.6052083333333333 0.01796875 0.036458333333333336
0 0.478125 0.55625 0.03671875 0.075
0 0.5203125 0.7052083333333333 0.03203125 0.059375
0 0.48046875 0.6625 0.025 0.05520833333333333
1 0.453125 0.6802083333333333 0.02734375 0.05625
0 0.42421875 0.6729166666666667 0.0296875 0.058333333333333334
0 0.43203125 0.7302083333333333 0.02421875 0.04479166666666667
0 0.453125 0.7625 0.02421875 0.042708333333333334
0 0.44140625 0.7947916666666667 0.0234375 0.05
0 0.425 0.7708333333333334 0.0171875 0.041666666666666664
0 0.3953125 0.7854166666666667 0.0234375 0.04375
0 0.384375 0.74375 0.0265625 0.052083333333333336
0 0.38984375 0.69375 0.028125 0.053125
0 0.3546875 0.7385416666666667 0.02265625 0.04375
0 0.36328125 0.6927083333333334 0.02109375 0.042708333333333334
3 0.57265625 0.8625 0.0203125 0.035416666666666666
3 0.6265625 0.8739583333333333 0.03984375 0.07291666666666667
2 0.64375 0.33229166666666665 0.02890625 0.0375
2 0.7875 0.9072916666666667 0.03671875 0.0625
1 0.6640625 0.5625 0.05 0.04895833333333333
1 0.75625 0.16041666666666668 0.04140625 0.03229166666666667
1 0.7328125 0.33229166666666665 0.0171875 0.034375
1 0.79140625 0.29583333333333334 0.02890625 0.04895833333333333
1 0.5953125 0.38229166666666664 0.0421875 0.07708333333333334
3 0.4546875 0.8875 0.059375 0.17291666666666666
3 0.39765625 0.959375 0.03515625 0.08020833333333334
2 0.38828125 0.9083333333333333 0.021875 0.0375
2 0.38203125 0.8520833333333333 0.0203125 0.041666666666666664
0 0.31171875 0.6010416666666667 0.01875 0.035416666666666666
0 0.3109375 0.6739583333333333 0.01875 0.04375
0 0.32265625 0.6302083333333334 0.01796875 0.04479166666666667
0 0.3265625 0.7135416666666666 0.0171875 0.036458333333333336
0 0.3390625 0.66875 0.01796875 0.04583333333333333
0 0.3546875 0.5958333333333333 0.01953125 0.040625
0 0.3671875 0.615625 0.0234375 0.042708333333333334