2 0.48515625 0.8833333333333333 0.05 0.0875
2 0.396875 0.696875 0.03359375 0.046875
2 0.64609375 0.4125 0.0375 0.051041666666666666
2 0.82734375 0.328125 0.03984375 0.0625
2 0.41875 0.7229166666666667 0.03359375 0.05625
2 0.4359375 0.7739583333333333 0.03984375 0.058333333333333334
2 0.85859375 0.9083333333333333 0.07734375 0.13020833333333334
2 0.73203125 0.8770833333333333 0.07421875 0.12395833333333334
2 0.74296875 0.684375 0.05390625 0.06666666666666667
2 0.68515625 0.646875 0.0484375 0.04895833333333333
2 0.75625 0.553125 0.05078125 0.06354166666666666
2 0.715625 0.5125 0.0453125 0.05625
2 0.6515625 0.46979166666666666 0.03671875 0.053125
2 0.5875 0.5395833333333333 0.02890625 0.05
2 0.540625 0.63125 0.03828125 0.06041666666666667
2 0.95625 0.47604166666666664 0.0453125 0.06875
2 0.82890625 0.65 0.04296875 0.06354166666666666
2 0.55078125 0.8958333333333334 0.06484375 0.084375