3 0.04921875 0.7354166666666667 0.09765625 0.140625
2 0.38359375 0.46979166666666666 0.04453125 0.071875
2 0.47734375 0.23854166666666668 0.0390625 0.06458333333333334
2 0.7734375 0.35520833333333335 0.059375 0.08541666666666667
2 0.7546875 0.30625 0.05703125 0.10208333333333333
2 0.825 0.153125 0.08828125 0.0625
3 0.575 0.06770833333333333 0.0578125 0.059375
3 0.0953125 0.6010416666666667 0.134375 0.13125
2 0.20390625 0.42604166666666665 0.0421875 0.071875
2 0.14453125 0.4708333333333333 0.040625 0.052083333333333336
2 0.2890625 0.6177083333333333 0.0296875 0.06041666666666667
2 0.39453125 0.5947916666666667 0.05625 0.09270833333333334
2 0.828125 0.5916666666666667 0.17734375 0.159375
2 0.55625 0.7489583333333333 0.06796875 0.121875
2 0.525 0.909375 0.13984375 0.18125
2 0.90625 0.7291666666666666 0.18671875 0.2833333333333333
2 0.584375 0.784375 0.0421875 0.06354166666666666