2 0.375 0.21354166666666666 0.03125 0.04583333333333333
2 0.94453125 0.575 0.06953125 0.08020833333333334
2 0.3171875 0.475 0.04453125 0.059375
2 0.3765625 0.475 0.04296875 0.06041666666666667
2 0.3546875 0.42291666666666666 0.03828125 0.06666666666666667
2 0.1171875 0.47604166666666664 0.0609375 0.07083333333333333
2 0.46875 0.37083333333333335 0.046875 0.0625
2 0.6078125 0.728125 0.09609375 0.16145833333333334
2 0.6546875 0.7729166666666667 0.05546875 0.103125
2 0.6375 0.8229166666666666 0.046875 0.075
2 0.659375 0.8645833333333334 0.05703125 0.08333333333333333
2 0.8546875 0.78125 0.0703125 0.115625
2 0.92265625 0.6364583333333333 0.0609375 0.08958333333333333
2 0.85234375 0.503125 0.0421875 0.06354166666666666
2 0.84609375 0.5395833333333333 0.04921875 0.05
1 0.7953125 0.6802083333333333 0.08203125 0.07916666666666666
2 0.2515625 0.5260416666666666 0.046875 0.040625
2 0.23671875 0.49166666666666664 0.04609375 0.046875
2 0.28203125 0.3416666666666667 0.0390625 0.053125
2 0.4125 0.359375 0.03359375 0.05
2 0.38828125 0.328125 0.03125 0.05416666666666667
2 0.671875 0.30104166666666665 0.03125 0.046875
2 0.83359375 0.4114583333333333 0.04375 0.052083333333333336