2 0.3328125 0.2552083333333333 0.040625 0.071875
2 0.66171875 0.090625 0.07578125 0.06666666666666667
2 0.65546875 0.271875 0.05234375 0.09895833333333333
2 0.63515625 0.23854166666666668 0.0453125 0.09895833333333333
2 0.7421875 0.4666666666666667 0.13359375 0.15625
2 0.87109375 0.5510416666666667 0.17265625 0.259375
2 0.81015625 0.9302083333333333 0.0984375 0.13958333333333334
2 0.53359375 0.9104166666666667 0.13671875 0.17916666666666667
2 0.5578125 0.7739583333333333 0.04765625 0.07916666666666666
2 0.51875 0.7354166666666667 0.0625 0.13125
2 0.3015625 0.653125 0.0578125 0.1
2 0.26484375 0.5302083333333333 0.04765625 0.08333333333333333
2 0.0125 0.578125 0.0234375 0.07083333333333333
3 0.40859375 0.078125 0.05625 0.06770833333333333