2 0.3765625 0.5333333333333333 0.03203125 0.059375
2 0.365625 0.5104166666666666 0.03125 0.051041666666666666
1 0.8171875 0.50625 0.05234375 0.08125
3 0.01953125 0.8802083333333334 0.0359375 0.0875
0 0.45 0.7916666666666666 0.0625 0.12083333333333333
1 0.5 0.89375 0.0640625 0.08125
0 0.4953125 0.953125 0.065625 0.09375
1 0.4578125 0.5145833333333333 0.028125 0.05
1 0.51015625 0.43333333333333335 0.05 0.052083333333333336
1 0.37890625 0.31145833333333334 0.05 0.05
1 0.3984375 0.21041666666666667 0.03203125 0.041666666666666664
1 0.44765625 0.15208333333333332 0.028125 0.05625
2 0.3296875 0.59375 0.03828125 0.05520833333333333
1 0.29296875 0.7 0.025 0.11041666666666666
2 0.46953125 0.28958333333333336 0.03203125 0.04895833333333333
3 0.6359375 0.09166666666666666 0.05234375 0.07708333333333334
2 0.70546875 0.020833333333333332 0.02265625 0.034375