2 0.371875 0.44479166666666664 0.0296875 0.05
0 0.459375 0.7958333333333333 0.0484375 0.07916666666666666
0 0.4234375 0.64375 0.046875 0.09895833333333333
0 0.35234375 0.8104166666666667 0.04296875 0.090625
3 0.6125 0.04895833333333333 0.04921875 0.07083333333333333
2 0.459375 0.23020833333333332 0.0296875 0.04375
2 0.328125 0.49270833333333336 0.03125 0.046875
1 0.48125 0.8677083333333333 0.07265625 0.15
1 0.46484375 0.7333333333333333 0.05703125 0.06458333333333334
1 0.44375 0.10625 0.02421875 0.052083333333333336
1 0.290625 0.5989583333333334 0.03046875 0.13125
1 0.440625 0.42083333333333334 0.02421875 0.03958333333333333
1 0.4859375 0.35 0.0421875 0.04479166666666667
1 0.3765625 0.253125 0.0421875 0.046875
1 0.40234375 0.15416666666666667 0.02734375 0.0375
3 0.0578125 0.7427083333333333 0.0375 0.06979166666666667