2 0.79609375 0.8822916666666667 0.10859375 0.17604166666666668
2 0.83046875 0.321875 0.10625 0.11666666666666667
2 0.84609375 0.052083333333333336 0.0734375 0.10416666666666667
2 0.78984375 0.046875 0.07734375 0.09375
2 0.7015625 0.115625 0.0734375 0.08333333333333333
2 0.6375 0.3541666666666667 0.04921875 0.10104166666666667
2 0.5828125 0.20833333333333334 0.084375 0.06770833333333333
2 0.46328125 0.12395833333333334 0.06484375 0.07395833333333333
2 0.31953125 0.2125 0.08046875 0.09895833333333333
2 0.43046875 0.5041666666666667 0.09609375 0.12395833333333334
2 0.353125 0.4708333333333333 0.08671875 0.11458333333333333
2 0.18359375 0.6322916666666667 0.05 0.06770833333333333
2 0.14140625 0.26875 0.0734375 0.09375
2 0.034375 0.490625 0.06796875 0.11666666666666667