2 0.7796875 0.365625 0.04609375 0.06979166666666667
2 0.85 0.6875 0.08515625 0.11145833333333334
2 0.75546875 0.6791666666666667 0.08125 0.09583333333333334
2 0.66015625 0.3416666666666667 0.05 0.07083333333333333
2 0.60546875 0.41041666666666665 0.05078125 0.059375
2 0.64921875 0.440625 0.06328125 0.07708333333333334
2 0.73125 0.425 0.06328125 0.078125
2 0.6796875 0.49895833333333334 0.06796875 0.084375
2 0.5890625 0.5239583333333333 0.053125 0.07708333333333334
2 0.4890625 0.45625 0.04765625 0.06041666666666667
2 0.28671875 0.571875 0.03984375 0.06770833333333333
2 0.89765625 0.24270833333333333 0.06640625 0.09895833333333333