2 0.49921875 0.36041666666666666 0.02890625 0.052083333333333336
2 0.61953125 0.4 0.0421875 0.06666666666666667
3 0.04296875 0.625 0.08515625 0.134375
2 0.0359375 0.5479166666666667 0.0421875 0.057291666666666664
2 0.0875 0.48125 0.034375 0.058333333333333334
2 0.2515625 0.478125 0.040625 0.042708333333333334
2 0.33984375 0.4041666666666667 0.03671875 0.07708333333333334
2 0.48984375 0.34479166666666666 0.059375 0.06875
2 0.48984375 0.42916666666666664 0.0796875 0.10625
2 0.56015625 0.027083333333333334 0.04921875 0.053125
2 0.55234375 0.11875 0.028125 0.065625
2 0.540625 0.10208333333333333 0.02578125 0.058333333333333334
2 0.59375 0.175 0.06015625 0.06666666666666667
2 0.6515625 0.17395833333333333 0.07890625 0.12083333333333333
2 0.9671875 0.22916666666666666 0.065625 0.12083333333333333
2 0.328125 0.196875 0.02890625 0.052083333333333336
2 0.29765625 0.3541666666666667 0.0328125 0.0625