2 0.85625 0.44583333333333336 0.0828125 0.14375
2 0.7390625 0.12916666666666668 0.09296875 0.09791666666666667
2 0.4046875 0.9260416666666667 0.075 0.146875
1 0.6578125 0.11041666666666666 0.13515625 0.17916666666666667
2 0.9375 0.925 0.0625 0.10833333333333334
2 0.646875 0.37604166666666666 0.10625 0.14479166666666668
2 0.69453125 0.55625 0.10546875 0.134375
2 0.75859375 0.7010416666666667 0.1171875 0.16354166666666667
2 0.65859375 0.7770833333333333 0.1125 0.18333333333333332
2 0.35859375 0.6770833333333334 0.11796875 0.18229166666666666
2 0.05625 0.321875 0.05625 0.08333333333333333