1 0.1984375 0.446875 0.02578125 0.07604166666666666
2 0.7703125 0.0625 0.0265625 0.0375
2 0.3515625 0.728125 0.04453125 0.07083333333333333
2 0.5 0.365625 0.03828125 0.05520833333333333
3 0.6875 0.14270833333333333 0.06640625 0.08854166666666667
1 0.4125 0.265625 0.0296875 0.04895833333333333
1 0.4703125 0.20104166666666667 0.02734375 0.05625
1 0.3921875 0.3854166666666667 0.0578125 0.05625
1 0.50234375 0.63125 0.0421875 0.06666666666666667
1 0.5609375 0.5416666666666666 0.065625 0.06666666666666667
0 0.51484375 0.9625 0.0765625 0.075
3 0.80625 0.028125 0.084375 0.05416666666666667
1 0.928125 0.63125 0.06640625 0.08854166666666667
2 0.38671875 0.6270833333333333 0.04140625 0.06770833333333333
2 0.40390625 0.65625 0.04140625 0.071875