3 0.85859375 0.5229166666666667 0.0703125 0.08333333333333333
2 0.8984375 0.63125 0.053125 0.051041666666666666
2 0.10703125 0.43645833333333334 0.03203125 0.051041666666666666
2 0.4328125 0.6125 0.0421875 0.046875
2 0.4953125 0.7395833333333334 0.02890625 0.034375
2 0.6828125 0.71875 0.05390625 0.05625
2 0.7234375 0.7291666666666666 0.021875 0.020833333333333332
2 0.77578125 0.6895833333333333 0.059375 0.06875
2 0.8328125 0.6708333333333333 0.0484375 0.05520833333333333
2 0.734375 0.8729166666666667 0.059375 0.0875
2 0.77734375 0.85 0.0296875 0.0375
2 0.83984375 0.9302083333333333 0.06796875 0.11041666666666666
2 0.95546875 0.6239583333333333 0.0625 0.06041666666666667