0 0.509375 0.6614583333333334 0.02890625 0.05
0 0.43671875 0.496875 0.0359375 0.07083333333333333
0 0.4375 0.6135416666666667 0.034375 0.059375
0 0.42109375 0.7697916666666667 0.028125 0.046875
0 0.409375 0.7291666666666666 0.028125 0.041666666666666664
0 0.3796875 0.7427083333333333 0.028125 0.046875
0 0.38359375 0.6864583333333333 0.0234375 0.05
1 0.40703125 0.6395833333333333 0.03203125 0.059375
0 0.3734375 0.6229166666666667 0.03046875 0.0625
0 0.33671875 0.6489583333333333 0.0328125 0.059375
0 0.33515625 0.7010416666666667 0.03203125 0.051041666666666666
0 0.3046875 0.6614583333333334 0.0234375 0.052083333333333336
0 0.28125 0.6354166666666666 0.02109375 0.04791666666666667
0 0.25859375 0.6 0.028125 0.04791666666666667
0 0.29921875 0.5604166666666667 0.03515625 0.06041666666666667
1 0.5609375 0.29791666666666666 0.040625 0.08854166666666667
1 0.71171875 0.22916666666666666 0.0171875 0.03958333333333333
1 0.77265625 0.19270833333333334 0.034375 0.053125
1 0.71953125 0.06354166666666666 0.03984375 0.035416666666666666
2 0.79375 0.06770833333333333 0.03125 0.03333333333333333
3 0.4421875 0.8864583333333333 0.071875 0.22708333333333333
0 0.45859375 0.5385416666666667 0.025 0.05416666666666667
0 0.48515625 0.509375 0.03203125 0.06979166666666667
0 0.47265625 0.440625 0.034375 0.06666666666666667
0 0.5375 0.53125 0.0359375 0.06979166666666667
0 0.553125 0.48020833333333335 0.0359375 0.059375
0 0.63515625 0.39166666666666666 0.04375 0.06770833333333333
1 0.6453125 0.4864583333333333 0.053125 0.057291666666666664
2 0.61015625 0.24166666666666667 0.0296875 0.03333333333333333
2 0.8890625 0.8666666666666667 0.04609375 0.07083333333333333
3 0.603125 0.8447916666666667 0.028125 0.03958333333333333
3 0.67890625 0.8458333333333333 0.0546875 0.08541666666666667
3 0.5609375 0.8145833333333333 0.01875 0.0375
3 0.35703125 0.49583333333333335 0.03203125 0.052083333333333336