3 0.95390625 0.24375 0.0921875 0.10833333333333334
2 0.94609375 0.44479166666666664 0.07421875 0.08541666666666667
2 0.859375 0.48020833333333335 0.1015625 0.103125
2 0.7765625 0.546875 0.03046875 0.03229166666666667
2 0.7109375 0.5385416666666667 0.07109375 0.07291666666666667
2 0.890625 0.71875 0.0453125 0.059375
2 0.97890625 0.8229166666666666 0.0421875 0.140625
2 0.82421875 0.7625 0.1046875 0.14479166666666668
2 0.434375 0.6 0.03984375 0.04791666666666667
2 0.51484375 0.3302083333333333 0.0515625 0.04791666666666667
2 0.3625 0.4479166666666667 0.05625 0.05520833333333333