2 0.9078125 0.39479166666666665 0.06875 0.0625
2 0.12734375 0.41770833333333335 0.06484375 0.11041666666666666
2 0.1625 0.3385416666666667 0.0359375 0.05520833333333333
2 0.215625 0.3 0.059375 0.07083333333333333
2 0.73984375 0.55625 0.17109375 0.23333333333333334
2 0.6 0.12916666666666668 0.08984375 0.09583333333333334
2 0.6328125 0.05416666666666667 0.06796875 0.071875
2 0.40625 0.2833333333333333 0.0671875 0.08020833333333334
2 0.4515625 0.5239583333333333 0.09921875 0.15
2 0.50703125 0.19895833333333332 0.040625 0.06875
2 0.634375 0.18229166666666666 0.0375 0.05416666666666667
2 0.59609375 0.18020833333333333 0.03203125 0.041666666666666664
2 0.2265625 0.1625 0.05234375 0.06041666666666667
2 0.5484375 0.22604166666666667 0.05 0.07604166666666666