2 0.9296875 0.4739583333333333 0.071875 0.06666666666666667
2 0.5890625 0.228125 0.03046875 0.041666666666666664
2 0.63203125 0.22916666666666666 0.0390625 0.034375
2 0.4921875 0.23854166666666668 0.05390625 0.07708333333333334
2 0.0796875 0.4625 0.0734375 0.11145833333333334
2 0.121875 0.3614583333333333 0.03671875 0.05520833333333333
2 0.17421875 0.3333333333333333 0.0640625 0.075
2 0.3828125 0.3177083333333333 0.08125 0.09166666666666666
2 0.4359375 0.60625 0.10859375 0.16145833333333334
2 0.76171875 0.6666666666666666 0.1859375 0.2916666666666667
2 0.59140625 0.16979166666666667 0.090625 0.09583333333333334
2 0.61953125 0.09375 0.0671875 0.08541666666666667
2 0.19140625 0.18645833333333334 0.04921875 0.06875
2 0.54140625 0.27291666666666664 0.05546875 0.09791666666666667