3 0.35546875 0.023958333333333335 0.05390625 0.046875
2 0.2703125 0.19791666666666666 0.03515625 0.071875
2 0.584375 0.03333333333333333 0.0671875 0.065625
2 0.5625 0.20729166666666668 0.04609375 0.07604166666666666
2 0.546875 0.16875 0.04921875 0.09375
2 0.615625 0.38229166666666664 0.1171875 0.13958333333333334
2 0.7046875 0.45416666666666666 0.13984375 0.23541666666666666
2 0.61328125 0.9322916666666666 0.09375 0.134375
2 0.634375 0.79375 0.075 0.12291666666666666
2 0.4359375 0.6729166666666667 0.04609375 0.07083333333333333
2 0.409375 0.6427083333333333 0.06953125 0.115625
2 0.39921875 0.81875 0.125 0.225
2 0.21640625 0.5927083333333333 0.05546875 0.11875
2 0.19296875 0.46979166666666666 0.04140625 0.09270833333333334
2 0.096875 0.6677083333333333 0.04609375 0.0625