3 0.465625 0.85 0.0234375 0.035416666666666666
3 0.5078125 0.8552083333333333 0.034375 0.06041666666666667
2 0.58828125 0.06666666666666667 0.02109375 0.035416666666666666
2 0.44453125 0.2708333333333333 0.0296875 0.036458333333333336
3 0.5875 0.815625 0.0578125 0.090625
0 0.32578125 0.521875 0.03515625 0.059375
0 0.3484375 0.6 0.03515625 0.07083333333333333
0 0.3265625 0.6354166666666666 0.02578125 0.05
0 0.29296875 0.5875 0.03515625 0.059375
1 0.4015625 0.34479166666666666 0.03125 0.090625
1 0.5078125 0.48854166666666665 0.05234375 0.04583333333333333
0 0.40703125 0.5833333333333334 0.03359375 0.0625
0 0.4171875 0.5229166666666667 0.034375 0.06458333333333334
0 0.48515625 0.40208333333333335 0.04375 0.07083333333333333
2 0.77734375 0.728125 0.0453125 0.0625
0 0.1015625 0.7958333333333333 0.028125 0.05520833333333333
1 0.53984375 0.23229166666666667 0.01875 0.027083333333333334
1 0.58515625 0.171875 0.03203125 0.036458333333333336
1 0.5234375 0.07708333333333334 0.0328125 0.029166666666666667