2 0.4953125 0.5927083333333333 0.0640625 0.11354166666666667
2 0.60703125 0.5989583333333334 0.040625 0.04375
2 0.5578125 0.7875 0.05 0.06145833333333333
1 0.45859375 0.058333333333333334 0.04296875 0.11666666666666667
1 0.82421875 0.6541666666666667 0.16875 0.14583333333333334
0 0.96015625 0.23645833333333333 0.0796875 0.15208333333333332
0 0.771875 0.4635416666666667 0.11796875 0.18854166666666666
0 0.69609375 0.6135416666666667 0.10859375 0.20416666666666666
0 0.9515625 0.6916666666666667 0.08671875 0.21458333333333332
0 0.86875 0.7166666666666667 0.1125 0.19583333333333333
0 0.790625 0.8166666666666667 0.1125 0.21354166666666666
0 0.6765625 0.7791666666666667 0.1203125 0.21145833333333333
0 0.821875 0.9479166666666666 0.11640625 0.10416666666666667
0 0.7234375 0.9479166666666666 0.09140625 0.10416666666666667
0 0.6140625 0.9645833333333333 0.1046875 0.07083333333333333