3 0.5046875 0.9010416666666666 0.03046875 0.040625
3 0.5546875 0.890625 0.0390625 0.06979166666666667
1 0.4828125 0.2760416666666667 0.021875 0.03333333333333333
1 0.528125 0.21145833333333333 0.03125 0.046875
1 0.44921875 0.13229166666666667 0.0328125 0.03958333333333333
3 0.63828125 0.8270833333333333 0.05625 0.075
2 0.8140625 0.69375 0.04765625 0.06041666666666667
2 0.3890625 0.33229166666666665 0.03046875 0.041666666666666664
1 0.4796875 0.5364583333333334 0.05625 0.05416666666666667
1 0.3484375 0.41354166666666664 0.02734375 0.10520833333333333
0 0.44921875 0.45416666666666666 0.04296875 0.07916666666666666
0 0.38125 0.5854166666666667 0.0359375 0.08125
0 0.37265625 0.6614583333333334 0.04453125 0.08229166666666667
0 0.38203125 0.7979166666666667 0.0484375 0.08854166666666667
0 0.315625 0.6791666666666667 0.0359375 0.0625
0 0.2796875 0.6041666666666666 0.03984375 0.071875
2 0.521875 0.10729166666666666 0.02421875 0.046875