3 0.94375 0.20104166666666667 0.046875 0.06979166666666667
3 0.20546875 0.34479166666666666 0.05625 0.075
3 0.790625 0.32916666666666666 0.05234375 0.075
3 0.8328125 0.5229166666666667 0.04765625 0.06458333333333334
3 0.778125 0.17291666666666666 0.046875 0.06354166666666666
3 0.84296875 0.23645833333333333 0.0515625 0.07083333333333333
2 0.815625 0.9145833333333333 0.05625 0.10104166666666667
2 0.6390625 0.921875 0.0390625 0.075
2 0.803125 0.7895833333333333 0.04921875 0.08333333333333333
2 0.9421875 0.49583333333333335 0.0421875 0.058333333333333334
2 0.6171875 0.39375 0.02890625 0.04479166666666667
1 0.6796875 0.5739583333333333 0.0734375 0.06770833333333333
2 0.4140625 0.6479166666666667 0.03203125 0.04791666666666667
2 0.75703125 0.6833333333333333 0.0421875 0.0625