2 0.6671875 0.18333333333333332 0.03046875 0.03958333333333333
3 0.4078125 0.4 0.034375 0.06770833333333333
2 0.8640625 0.8291666666666667 0.04453125 0.06875
1 0.78984375 0.0125 0.0375 0.025
0 0.4515625 0.640625 0.028125 0.059375
0 0.42109375 0.63125 0.0234375 0.04583333333333333
0 0.4265625 0.5864583333333333 0.0234375 0.04895833333333333
0 0.4171875 0.5229166666666667 0.03125 0.059375
0 0.3859375 0.5458333333333333 0.0234375 0.04583333333333333
0 0.37890625 0.6 0.02734375 0.053125
0 0.38515625 0.65 0.021875 0.046875
0 0.36484375 0.6802083333333333 0.02421875 0.046875
0 0.33671875 0.65 0.0234375 0.036458333333333336
0 0.32421875 0.6239583333333333 0.02109375 0.03854166666666667
0 0.3484375 0.5927083333333333 0.02109375 0.040625
0 0.35546875 0.5479166666666667 0.02109375 0.041666666666666664
0 0.33125 0.51875 0.01640625 0.041666666666666664
0 0.36171875 0.465625 0.02421875 0.04479166666666667
0 0.34609375 0.4479166666666667 0.02421875 0.04479166666666667
0 0.3046875 0.4510416666666667 0.01796875 0.0375
0 0.31328125 0.48125 0.02265625 0.046875
0 0.3015625 0.5270833333333333 0.0203125 0.04791666666666667
0 0.31015625 0.56875 0.028125 0.04375
0 0.32265625 0.690625 0.025 0.042708333333333334
0 0.30078125 0.646875 0.0203125 0.05
0 0.47890625 0.5291666666666667 0.03515625 0.0625
0 0.53203125 0.5770833333333333 0.0359375 0.06458333333333334
0 0.50234375 0.4666666666666667 0.021875 0.04583333333333333
0 0.5296875 0.44583333333333336 0.03515625 0.06666666666666667
0 0.48125 0.4114583333333333 0.03203125 0.06770833333333333
0 0.51796875 0.3645833333333333 0.03984375 0.075
0 0.578125 0.4625 0.0390625 0.08333333333333333
0 0.596875 0.41354166666666664 0.0421875 0.07604166666666666
0 0.68125 0.3385416666666667 0.04921875 0.08020833333333334
3 0.390625 0.85 0.0515625 0.10833333333333334
3 0.46640625 0.7927083333333333 0.06796875 0.22708333333333333
2 0.3828125 0.7677083333333333 0.0234375 0.0375
3 0.60546875 0.75625 0.025 0.04583333333333333
3 0.56953125 0.7270833333333333 0.01953125 0.036458333333333336
3 0.671875 0.778125 0.05390625 0.075
1 0.6859375 0.440625 0.05625 0.07708333333333334
1 0.61328125 0.23333333333333334 0.0453125 0.08333333333333333
1 0.771875 0.18125 0.01953125 0.03854166666666667
1 0.83671875 0.146875 0.03203125 0.059375