2 0.83671875 0.029166666666666667 0.04609375 0.057291666666666664
1 0.190625 0.5197916666666667 0.0265625 0.0625
2 0.5484375 0.45729166666666665 0.04453125 0.06145833333333333
2 0.38828125 0.909375 0.04609375 0.0875
2 0.4265625 0.771875 0.04453125 0.08645833333333333
2 0.4421875 0.8166666666666667 0.05078125 0.09583333333333334
3 0.95859375 0.020833333333333332 0.06015625 0.041666666666666664
3 0.90859375 0.046875 0.096875 0.09166666666666666
3 0.765625 0.20208333333333334 0.07421875 0.09895833333333333
1 0.56640625 0.7927083333333333 0.05390625 0.08958333333333333
1 0.640625 0.6864583333333333 0.07890625 0.08854166666666667
1 0.41484375 0.4625 0.06953125 0.059375
1 0.43359375 0.33125 0.034375 0.05
1 0.5 0.2604166666666667 0.03359375 0.07604166666666666
2 0.85859375 0.10729166666666666 0.03359375 0.053125
1 0.12421875 0.6322916666666667 0.0203125 0.08645833333333333