2 0.625 0.671875 0.0234375 0.030208333333333334
2 0.58671875 0.6541666666666667 0.0421875 0.057291666666666664
2 0.43125 0.6822916666666666 0.02421875 0.030208333333333334
2 0.634375 0.7760416666666666 0.04609375 0.06875
2 0.67265625 0.6375 0.0578125 0.053125
2 0.47890625 0.5114583333333333 0.0375 0.036458333333333336
2 0.37578125 0.5739583333333333 0.04140625 0.041666666666666664
2 0.059375 0.421875 0.0296875 0.053125
2 0.8203125 0.5885416666666666 0.04375 0.03958333333333333
2 0.7703125 0.59375 0.04140625 0.040625
2 0.721875 0.625 0.0359375 0.042708333333333334
3 0.74765625 0.5020833333333333 0.05390625 0.05625