2 0.1984375 0.3104166666666667 0.02890625 0.046875
2 0.60859375 0.221875 0.03515625 0.041666666666666664
2 0.65703125 0.23229166666666667 0.0375 0.0375
2 0.53359375 0.22604166666666667 0.05234375 0.06770833333333333
2 0.57109375 0.26145833333333335 0.0625 0.07916666666666666
2 0.2625 0.15833333333333333 0.0515625 0.05625
2 0.1578125 0.38229166666666664 0.059375 0.08333333333333333
2 0.24609375 0.2833333333333333 0.05859375 0.075
2 0.43046875 0.2760416666666667 0.065625 0.09166666666666666
2 0.62578125 0.17291666666666666 0.07578125 0.08854166666666667
2 0.6546875 0.10104166666666667 0.0703125 0.075
2 0.75078125 0.5895833333333333 0.1640625 0.21458333333333332
2 0.465625 0.5291666666666667 0.0984375 0.13958333333333334
2 0.90546875 0.4625 0.0609375 0.07083333333333333