2 0.54140625 0.7229166666666667 0.05390625 0.10833333333333334
2 0.1390625 0.496875 0.04609375 0.075
2 0.05625 0.6166666666666667 0.0796875 0.12291666666666666
2 0.0296875 0.5395833333333333 0.05625 0.084375
2 0.22578125 0.365625 0.04609375 0.057291666666666664
2 0.2484375 0.465625 0.046875 0.07083333333333333
2 0.03046875 0.7333333333333333 0.05625 0.13854166666666667
2 0.52578125 0.4552083333333333 0.05546875 0.06979166666666667
2 0.771875 0.46458333333333335 0.06171875 0.0875
2 0.928125 0.6385416666666667 0.07734375 0.078125
2 0.759375 0.20520833333333333 0.046875 0.0625