2 0.91171875 0.42916666666666664 0.06953125 0.075
2 0.5171875 0.24375 0.0640625 0.09375
2 0.46875 0.21666666666666667 0.05 0.0875
2 0.56328125 0.2 0.03203125 0.04479166666666667
2 0.6078125 0.20104166666666667 0.03984375 0.05
2 0.35859375 0.309375 0.07421875 0.09270833333333334
2 0.05703125 0.4791666666666667 0.07109375 0.1125
2 0.1 0.378125 0.03515625 0.0625
2 0.15546875 0.34479166666666666 0.0640625 0.08541666666666667
2 0.4234375 0.5895833333333333 0.09609375 0.17291666666666666
2 0.74453125 0.63125 0.19609375 0.2864583333333333
2 0.56875 0.14166666666666666 0.0859375 0.11458333333333333
2 0.5953125 0.05 0.07578125 0.07083333333333333
2 0.16484375 0.19166666666666668 0.05390625 0.06979166666666667