2 0.98203125 0.3875 0.0359375 0.05
2 0.8359375 0.6489583333333333 0.03984375 0.05520833333333333
2 0.75625 0.5083333333333333 0.03203125 0.05
3 0.453125 0.5302083333333333 0.03828125 0.036458333333333336
2 0.04921875 0.24895833333333334 0.0359375 0.05416666666666667
2 0.6953125 0.490625 0.07421875 0.08229166666666667
2 0.83125 0.46041666666666664 0.08828125 0.084375
2 0.9140625 0.4395833333333333 0.07109375 0.06770833333333333
2 0.771875 0.6802083333333333 0.08671875 0.10208333333333333
2 0.9296875 0.746875 0.09609375 0.125
2 0.4765625 0.9697916666666667 0.04921875 0.059375
2 0.3921875 0.4010416666666667 0.05234375 0.05
2 0.53359375 0.309375 0.046875 0.04479166666666667
3 0.94921875 0.259375 0.1015625 0.08333333333333333