0 0.96796875 0.7791666666666667 0.0640625 0.1375
1 0.9328125 0.31666666666666665 0.134375 0.103125
3 0.44375 0.39895833333333336 0.1078125 0.121875
3 0.38125 0.5458333333333333 0.08046875 0.1875
3 0.05 0.6166666666666667 0.06796875 0.178125
2 0.6515625 0.209375 0.06328125 0.08541666666666667
2 0.41015625 0.965625 0.05 0.06875
1 0.49296875 0.9364583333333333 0.09609375 0.07708333333333334
0 0.9484375 0.12395833333333334 0.103125 0.19375
0 0.83203125 0.234375 0.11953125 0.20416666666666666
0 0.78046875 0.36770833333333336 0.115625 0.21145833333333333
0 0.96953125 0.340625 0.0609375 0.15625
0 0.890625 0.42916666666666664 0.0984375 0.19479166666666667
0 0.8734375 0.553125 0.08984375 0.18333333333333332
0 0.78828125 0.5614583333333333 0.08671875 0.178125
0 0.78359375 0.84375 0.0859375 0.14791666666666667
0 0.7265625 0.6958333333333333 0.0953125 0.19270833333333334
0 0.678125 0.5385416666666667 0.10625 0.215625
2 0.675 0.35625 0.04375 0.04791666666666667
1 0.975 0.86875 0.04921875 0.1125
1 0.90234375 0.9208333333333333 0.10859375 0.15833333333333333