2 0.56640625 0.034375 0.06875 0.06770833333333333
2 0.5359375 0.20729166666666668 0.0453125 0.09270833333333334
2 0.5171875 0.17708333333333334 0.03984375 0.09375
2 0.26015625 0.2 0.03671875 0.06875
2 0.184375 0.46875 0.04140625 0.08020833333333334
2 0.090625 0.653125 0.04453125 0.07916666666666666
2 0.20234375 0.5802083333333333 0.05625 0.1125
2 0.58203125 0.38333333333333336 0.109375 0.13229166666666667
2 0.6578125 0.446875 0.1328125 0.225
2 0.4046875 0.6572916666666667 0.04765625 0.065625
2 0.38515625 0.6291666666666667 0.0703125 0.11354166666666667
2 0.375 0.7916666666666666 0.10546875 0.20416666666666666
2 0.58828125 0.7791666666666667 0.06484375 0.13333333333333333
2 0.56875 0.9260416666666667 0.084375 0.14791666666666667
3 0.34609375 0.026041666666666668 0.0453125 0.05