2 0.9609375 0.7 0.03984375 0.06145833333333333
2 0.94296875 0.640625 0.0421875 0.059375
2 0.79140625 0.675 0.040625 0.04375
2 0.84296875 0.7 0.03125 0.06145833333333333
2 0.8875 0.725 0.0421875 0.07291666666666667
2 0.37734375 0.5822916666666667 0.0328125 0.04583333333333333
2 0.56328125 0.49270833333333336 0.02734375 0.04583333333333333
2 0.528125 0.5947916666666667 0.02890625 0.04791666666666667
3 0.14453125 0.440625 0.05234375 0.06354166666666666
3 0.3671875 0.058333333333333334 0.0421875 0.05
3 0.49453125 0.09375 0.03828125 0.059375
3 0.65078125 0.0375 0.04609375 0.04583333333333333
3 0.72265625 0.13541666666666666 0.03671875 0.059375
3 0.71015625 0.28229166666666666 0.04609375 0.06666666666666667
3 0.7703125 0.34479166666666666 0.0453125 0.078125
3 0.72265625 0.42916666666666664 0.046875 0.06979166666666667
3 0.76484375 0.6145833333333334 0.0421875 0.075
3 0.85390625 0.3125 0.03984375 0.06979166666666667
3 0.9890625 0.6854166666666667 0.02109375 0.06041666666666667
2 0.753125 0.9833333333333333 0.04921875 0.03333333333333333
2 0.740625 0.884375 0.04921875 0.084375
2 0.8625 0.590625 0.03515625 0.051041666666666666
1 0.6234375 0.6729166666666667 0.06796875 0.08541666666666667