3 0.9578125 0.25104166666666666 0.084375 0.06458333333333334
2 0.98359375 0.39375 0.0328125 0.05416666666666667
2 0.946875 0.7791666666666667 0.103125 0.15416666666666667
2 0.92109375 0.45208333333333334 0.06875 0.06666666666666667
2 0.8375 0.475 0.09140625 0.08854166666666667
2 0.69609375 0.5135416666666667 0.075 0.08958333333333333
2 0.78515625 0.7104166666666667 0.08125 0.11666666666666667
2 0.446875 0.5604166666666667 0.0390625 0.0375
2 0.52734375 0.33229166666666665 0.04921875 0.046875
2 0.38359375 0.4270833333333333 0.053125 0.051041666666666666
2 0.0359375 0.2864583333333333 0.03671875 0.058333333333333334
2 0.75703125 0.5291666666666667 0.03203125 0.046875
2 0.8453125 0.6739583333333333 0.0421875 0.04583333333333333