2 0.69609375 0.53125 0.06484375 0.1
2 0.346875 0.53125 0.05390625 0.08229166666666667
2 0.2796875 0.6322916666666667 0.0578125 0.09583333333333334
2 0.5828125 0.8979166666666667 0.0765625 0.140625
2 0.5265625 0.5833333333333334 0.0671875 0.13333333333333333
2 0.71171875 0.45 0.0640625 0.08541666666666667
2 0.940625 0.240625 0.08125 0.1125
2 0.465625 0.225 0.0375 0.06041666666666667
2 0.571875 0.3614583333333333 0.05078125 0.06979166666666667
2 0.340625 0.128125 0.0453125 0.05
2 0.265625 0.27708333333333335 0.034375 0.057291666666666664
2 0.915625 0.9354166666666667 0.04765625 0.06770833333333333
2 0.859375 0.04583333333333333 0.06640625 0.05520833333333333