2 0.5484375 0.26666666666666666 0.03203125 0.040625
2 0.10546875 0.31354166666666666 0.0453125 0.03854166666666667
2 0.7328125 0.46875 0.03828125 0.058333333333333334
2 0.50859375 0.5729166666666666 0.05390625 0.090625
2 0.409375 0.5395833333333333 0.040625 0.075
2 0.44375 0.575 0.04609375 0.078125
2 0.409375 0.7385416666666667 0.05078125 0.09583333333333334
2 0.37578125 0.6635416666666667 0.04609375 0.08333333333333333
2 0.34296875 0.7458333333333333 0.05234375 0.08958333333333333
2 0.0734375 0.7552083333333334 0.07265625 0.10625
2 0.28203125 0.5489583333333333 0.04140625 0.075
2 0.4203125 0.3458333333333333 0.0390625 0.05
2 0.38671875 0.38125 0.03515625 0.05625
2 0.54609375 0.3385416666666667 0.03515625 0.04791666666666667
2 0.48203125 0.3104166666666667 0.0359375 0.04895833333333333