2 0.2234375 0.34270833333333334 0.07734375 0.096875
2 0.27109375 0.2552083333333333 0.034375 0.057291666666666664
2 0.3234375 0.23541666666666666 0.071875 0.08645833333333333
2 0.04296875 0.3802083333333333 0.0578125 0.058333333333333334
2 0.33828125 0.08541666666666667 0.053125 0.05520833333333333
2 0.2640625 0.028125 0.0390625 0.051041666666666666
2 0.6265625 0.04895833333333333 0.084375 0.090625
2 0.55390625 0.265625 0.08671875 0.12604166666666666
2 0.675 0.24895833333333334 0.08125 0.10625
2 0.7546875 0.296875 0.071875 0.10416666666666667
2 0.80546875 0.18958333333333333 0.09765625 0.1375
2 0.8359375 0.103125 0.0953125 0.103125
2 0.6265625 0.6270833333333333 0.1328125 0.19375
2 0.8578125 0.28541666666666665 0.04765625 0.04479166666666667