2 0.6640625 0.16041666666666668 0.0390625 0.04375
2 0.02421875 0.4625 0.03984375 0.06041666666666667
2 0.1625 0.4270833333333333 0.04140625 0.059375
2 0.19921875 0.3458333333333333 0.03984375 0.05416666666666667
2 0.12421875 0.4625 0.03671875 0.053125
2 0.04921875 0.7479166666666667 0.09453125 0.11875
2 0.309375 0.484375 0.0546875 0.058333333333333334
2 0.34375 0.4322916666666667 0.0453125 0.06666666666666667
2 0.3796875 0.3104166666666667 0.04453125 0.06666666666666667
2 0.659375 0.12083333333333333 0.028125 0.052083333333333336
2 0.84765625 0.25416666666666665 0.05078125 0.059375
2 0.8984375 0.26979166666666665 0.0609375 0.06875
2 0.63046875 0.2947916666666667 0.040625 0.03854166666666667
2 0.6578125 0.25729166666666664 0.04765625 0.053125
2 0.70625 0.3729166666666667 0.071875 0.09270833333333334
2 0.6796875 0.5020833333333333 0.078125 0.0875
2 0.87734375 0.459375 0.10859375 0.125
2 0.78203125 0.41041666666666665 0.06640625 0.09479166666666666
2 0.87890625 0.775 0.10390625 0.15416666666666667
2 0.825 0.6916666666666667 0.109375 0.15520833333333334
2 0.85859375 0.5854166666666667 0.10234375 0.146875
2 0.76796875 0.828125 0.13359375 0.16145833333333334
2 0.3921875 0.7927083333333333 0.0921875 0.13541666666666666
2 0.484375 0.853125 0.08203125 0.11979166666666667
2 0.44453125 0.8114583333333333 0.0765625 0.13125
1 0.27578125 0.6354166666666666 0.08828125 0.059375
2 0.484375 0.5916666666666667 0.08046875 0.07916666666666666
2 0.60625 0.6916666666666667 0.08515625 0.1125
2 0.553125 0.7697916666666667 0.09609375 0.12916666666666668
2 0.271875 0.5770833333333333 0.0578125 0.1