2 0.046875 0.34479166666666666 0.05859375 0.071875
2 0.353125 0.6729166666666667 0.11640625 0.18958333333333333
2 0.66015625 0.7447916666666666 0.11640625 0.17291666666666666
2 0.7609375 0.6583333333333333 0.12109375 0.16770833333333332
2 0.94765625 0.8791666666666667 0.06640625 0.11666666666666667
2 0.7296875 0.11458333333333333 0.0890625 0.09270833333333334
2 0.696875 0.521875 0.09296875 0.1375
1 0.646875 0.1 0.12890625 0.17708333333333334
2 0.85546875 0.4041666666666667 0.08671875 0.13854166666666667
2 0.64375 0.35 0.09140625 0.14479166666666668
2 0.4734375 0.5666666666666667 0.0390625 0.04583333333333333
2 0.4046875 0.9166666666666666 0.07265625 0.16458333333333333
2 0.38515625 0.18958333333333333 0.05546875 0.07291666666666667