1 0.803125 0.959375 0.09375 0.08020833333333334
2 0.07109375 0.83125 0.0640625 0.10416666666666667
0 0.97265625 0.1375 0.0546875 0.19375
0 0.90390625 0.12916666666666668 0.09765625 0.17291666666666666
0 0.80546875 0.12708333333333333 0.1109375 0.15625
1 0.7875 0.096875 0.17265625 0.090625
0 0.68203125 0.071875 0.1 0.14270833333333333
0 0.6328125 0.16770833333333332 0.09609375 0.16875
0 0.71953125 0.196875 0.08671875 0.159375
0 0.6859375 0.2760416666666667 0.07421875 0.14583333333333334
0 0.6375 0.32083333333333336 0.0671875 0.13541666666666666
0 0.634375 0.5645833333333333 0.078125 0.14166666666666666
0 0.5875 0.4354166666666667 0.0890625 0.17291666666666666
0 0.54609375 0.3104166666666667 0.09453125 0.17916666666666667
2 0.54765625 0.0625 0.05703125 0.07083333333333333
2 0.13828125 0.6166666666666667 0.04765625 0.09166666666666666
3 0.01875 0.45625 0.0375 0.13958333333333334
3 0.30625 0.3625 0.0671875 0.146875
3 0.35859375 0.22708333333333333 0.09453125 0.1
1 0.62421875 0.8822916666666667 0.1171875 0.13958333333333334
1 0.71796875 0.634375 0.11015625 0.2375
0 0.75078125 0.45416666666666666 0.06953125 0.13125
0 0.8234375 0.4666666666666667 0.0734375 0.12916666666666668
0 0.95390625 0.43125 0.0703125 0.146875
1 0.82578125 0.5270833333333333 0.12109375 0.17395833333333333
1 0.4015625 0.6833333333333333 0.09609375 0.06770833333333333
2 0.95 0.8729166666666667 0.1 0.1625