1 0.91875 0.290625 0.10234375 0.11770833333333333
2 0.24375 0.30625 0.0546875 0.08333333333333333
2 0.3015625 0.09270833333333334 0.040625 0.03854166666666667
2 0.490625 0.24583333333333332 0.0453125 0.0625
2 0.5328125 0.09895833333333333 0.03984375 0.05416666666666667
2 0.81953125 0.057291666666666664 0.04765625 0.065625
2 0.709375 0.41041666666666665 0.06484375 0.08229166666666667
2 0.6421875 0.6239583333333333 0.07578125 0.11458333333333333
2 0.58359375 0.6416666666666667 0.0734375 0.12083333333333333
2 0.75859375 0.7020833333333333 0.0671875 0.11666666666666667
2 0.725 0.8135416666666667 0.0875 0.1375
2 0.56953125 0.9302083333333333 0.071875 0.13333333333333333
2 0.4953125 0.9177083333333333 0.0625 0.125
2 0.59296875 0.3333333333333333 0.04609375 0.06875
2 0.52890625 0.3458333333333333 0.053125 0.057291666666666664
2 0.28984375 0.4708333333333333 0.05078125 0.06666666666666667
2 0.23984375 0.46145833333333336 0.04765625 0.06666666666666667
3 0.828125 0.2760416666666667 0.13203125 0.1625
2 0.67734375 0.17916666666666667 0.05390625 0.04583333333333333