2 0.9328125 0.5833333333333334 0.0546875 0.06145833333333333
2 0.321875 0.5041666666666667 0.0421875 0.06666666666666667
2 0.1 0.503125 0.04453125 0.05520833333333333
2 0.45390625 0.740625 0.03828125 0.08020833333333334
2 0.484375 0.7541666666666667 0.04140625 0.06979166666666667
2 0.3875 0.5875 0.04453125 0.07291666666666667
2 0.5 0.6697916666666667 0.040625 0.06979166666666667
2 0.53828125 0.6291666666666667 0.0390625 0.075
2 0.5140625 0.5270833333333333 0.0484375 0.08020833333333334
2 0.475 0.5166666666666667 0.04296875 0.06979166666666667
2 0.6359375 0.71875 0.05234375 0.0875
2 0.790625 0.9291666666666667 0.0625 0.10416666666666667
2 0.97109375 0.8541666666666666 0.0578125 0.109375
2 0.9453125 0.9708333333333333 0.07421875 0.057291666666666664
2 0.9125 0.48125 0.04140625 0.0625
2 0.9640625 0.46875 0.04609375 0.0625
2 0.82578125 0.6708333333333333 0.0765625 0.13229166666666667
2 0.4 0.37083333333333335 0.03515625 0.04583333333333333
2 0.4265625 0.3229166666666667 0.02578125 0.042708333333333334
2 0.35859375 0.4979166666666667 0.02890625 0.06145833333333333