2 0.7921875 0.14791666666666667 0.034375 0.053125
2 0.8375 0.8635416666666667 0.1140625 0.1625
2 0.634375 0.4125 0.059375 0.07291666666666667
2 0.59609375 0.5302083333333333 0.06640625 0.10416666666666667
2 0.80234375 0.20416666666666666 0.0453125 0.041666666666666664
2 0.80859375 0.31666666666666665 0.0453125 0.042708333333333334
2 0.8171875 0.346875 0.0390625 0.042708333333333334
2 0.8046875 0.3729166666666667 0.04453125 0.04479166666666667
2 0.9 0.49270833333333336 0.0859375 0.128125
2 0.89921875 0.6458333333333334 0.09453125 0.10833333333333334
2 0.6875 0.6885416666666667 0.08125 0.08541666666666667
2 0.61953125 0.91875 0.09453125 0.16145833333333334
2 0.54140625 0.8614583333333333 0.07265625 0.125
2 0.03125 0.578125 0.059375 0.065625
2 0.1265625 0.390625 0.046875 0.05520833333333333
2 0.24296875 0.42083333333333334 0.03359375 0.05520833333333333
2 0.27734375 0.378125 0.03984375 0.05625
2 0.46953125 0.509375 0.0421875 0.07604166666666666
2 0.51328125 0.459375 0.0484375 0.08645833333333333
2 0.52890625 0.32083333333333336 0.04921875 0.07604166666666666
2 0.35078125 0.7791666666666667 0.05703125 0.11979166666666667
2 0.4734375 0.7947916666666667 0.09375 0.11979166666666667
1 0.45 0.7125 0.12109375 0.10520833333333333