2 0.4625 0.2947916666666667 0.03125 0.059375
2 0.34453125 0.60625 0.05390625 0.07708333333333334
2 0.68984375 0.5989583333333334 0.0609375 0.09166666666666666
2 0.9234375 0.31145833333333334 0.08515625 0.10729166666666666
2 0.7296875 0.06458333333333334 0.059375 0.07916666666666666
2 0.528125 0.6822916666666666 0.053125 0.08125
2 0.58203125 0.95 0.0796875 0.1
2 0.7046875 0.515625 0.06328125 0.08645833333333333
2 0.56875 0.425 0.05390625 0.07604166666666666
2 0.265625 0.3541666666666667 0.034375 0.0625
2 0.33203125 0.2 0.0390625 0.05
2 0.83671875 0.11666666666666667 0.0625 0.06770833333333333