0 0.390625 0.025 0.05546875 0.05
2 0.6671875 0.065625 0.0484375 0.04895833333333333
2 0.66796875 0.7229166666666667 0.04375 0.041666666666666664
2 0.61796875 0.909375 0.05078125 0.058333333333333334
2 0.5546875 0.696875 0.06484375 0.12291666666666666
0 0.8453125 0.5958333333333333 0.12734375 0.18229166666666666
0 0.76171875 0.746875 0.1234375 0.2125
0 0.9328125 0.8645833333333334 0.11171875 0.18854166666666666
0 0.98203125 0.9125 0.0359375 0.14895833333333333
0 0.85625 0.9395833333333333 0.128125 0.12083333333333333
0 0.73984375 0.9020833333333333 0.12578125 0.19583333333333333
1 0.903125 0.7989583333333333 0.1875 0.146875
1 0.515625 0.1125 0.04453125 0.17604166666666668