2 0.375 0.40625 0.0296875 0.053125
0 0.4484375 0.7375 0.0484375 0.07395833333333333
3 0.6109375 0.029166666666666667 0.04375 0.058333333333333334
1 0.409375 0.13333333333333333 0.02890625 0.034375
1 0.44921875 0.08333333333333333 0.028125 0.046875
1 0.384375 0.221875 0.0390625 0.04375
1 0.48515625 0.3177083333333333 0.0390625 0.04375
1 0.43984375 0.38333333333333336 0.0234375 0.03333333333333333
2 0.9296875 0.9302083333333333 0.0546875 0.07708333333333334
2 0.4640625 0.20729166666666668 0.02734375 0.0375
2 0.33203125 0.4510416666666667 0.02890625 0.040625
1 0.471875 0.8125 0.0734375 0.15
1 0.29453125 0.5458333333333333 0.02734375 0.11458333333333333
1 0.45625 0.675 0.05703125 0.06770833333333333
0 0.34609375 0.7458333333333333 0.03984375 0.0875
0 0.41953125 0.5916666666666667 0.04609375 0.090625
3 0.0765625 0.684375 0.0359375 0.07395833333333333