2 0.87578125 0.915625 0.1484375 0.16875
2 0.925 0.05 0.07265625 0.09791666666666667
2 0.90546875 0.334375 0.1 0.13125
2 0.859375 0.041666666666666664 0.09609375 0.08229166666666667
2 0.76875 0.1125 0.0765625 0.06979166666666667
2 0.696875 0.365625 0.06640625 0.09895833333333333
2 0.634375 0.2 0.08984375 0.06979166666666667
2 0.5125 0.115625 0.078125 0.07916666666666666
2 0.3625 0.19270833333333334 0.08203125 0.10520833333333333
2 0.48125 0.5083333333333333 0.0921875 0.11770833333333333
2 0.4 0.4708333333333333 0.08125 0.11979166666666667
2 0.22421875 0.6291666666666667 0.0484375 0.06875
2 0.18359375 0.25625 0.0796875 0.09895833333333333
2 0.07421875 0.46979166666666666 0.07578125 0.10729166666666666