2 0.6515625 0.7052083333333333 0.0640625 0.09791666666666667
2 0.528125 0.5322916666666667 0.0453125 0.07708333333333334
2 0.6671875 0.6135416666666667 0.0609375 0.08854166666666667
2 0.50234375 0.7958333333333333 0.04921875 0.07708333333333334
2 0.225 0.48125 0.03515625 0.059375
2 0.29140625 0.321875 0.03671875 0.053125
2 0.38046875 0.042708333333333334 0.02578125 0.040625
2 0.671875 0.16458333333333333 0.05703125 0.06770833333333333
2 0.5703125 0.1625 0.078125 0.09791666666666667
2 0.859375 0.38958333333333334 0.06953125 0.090625
2 0.7046875 0.7635416666666667 0.06015625 0.09583333333333334
2 0.38046875 0.12708333333333333 0.04609375 0.06666666666666667
2 0.425 0.41041666666666665 0.0375 0.05416666666666667
2 0.478125 0.4479166666666667 0.02421875 0.0375
2 0.93984375 0.7416666666666667 0.05078125 0.09895833333333333
2 0.7125 0.47604166666666664 0.04296875 0.05416666666666667
2 0.77265625 0.209375 0.0609375 0.071875