2 0.6109375 0.975 0.06171875 0.05
2 0.16328125 0.5447916666666667 0.0375 0.06354166666666666
2 0.5015625 0.26145833333333335 0.03515625 0.04895833333333333
2 0.55703125 0.05416666666666667 0.02890625 0.040625
2 0.79609375 0.025 0.04296875 0.04895833333333333
2 0.72890625 0.2604166666666667 0.053125 0.04895833333333333
2 0.63046875 0.171875 0.0640625 0.08854166666666667
2 0.58984375 0.17395833333333333 0.040625 0.05416666666666667
2 0.4296875 0.159375 0.03359375 0.04895833333333333
2 0.64453125 0.421875 0.046875 0.07916666666666666
2 0.36328125 0.14583333333333334 0.03828125 0.052083333333333336
2 0.53828125 0.321875 0.05859375 0.06458333333333334
2 0.87734375 0.153125 0.05234375 0.078125
1 0.9453125 0.42291666666666666 0.109375 0.11666666666666667
3 0.878125 0.3729166666666667 0.12578125 0.16875
2 0.5375 0.9708333333333333 0.06015625 0.058333333333333334
2 0.76328125 0.928125 0.09375 0.11979166666666667
2 0.80390625 0.8177083333333334 0.07265625 0.11875
2 0.7546875 0.5083333333333333 0.0640625 0.090625
2 0.628125 0.734375 0.07421875 0.12083333333333333
2 0.68828125 0.721875 0.0734375 0.11979166666666667
2 0.3453125 0.5135416666666667 0.05078125 0.06875
2 0.30390625 0.35 0.05234375 0.07083333333333333