0 0.35625 0.46770833333333334 0.0234375 0.05520833333333333
0 0.3421875 0.453125 0.021875 0.04791666666666667
3 0.40078125 0.40208333333333335 0.034375 0.065625
2 0.65625 0.18125 0.028125 0.035416666666666666
1 0.77734375 0.0125 0.04296875 0.025
1 0.821875 0.14791666666666667 0.0328125 0.057291666666666664
1 0.75859375 0.17916666666666667 0.0234375 0.03854166666666667
1 0.60390625 0.23333333333333334 0.04375 0.08125
1 0.675 0.43020833333333336 0.05078125 0.0625
2 0.83359375 0.7885416666666667 0.04296875 0.0625
0 0.296875 0.6510416666666666 0.02265625 0.05
0 0.31875 0.6895833333333333 0.02890625 0.04375
0 0.3609375 0.6791666666666667 0.0234375 0.04375
0 0.32578125 0.6322916666666667 0.0265625 0.058333333333333334
0 0.34375 0.596875 0.0234375 0.04895833333333333
0 0.30625 0.578125 0.028125 0.04791666666666667
0 0.2953125 0.5322916666666667 0.021875 0.04791666666666667
0 0.32734375 0.53125 0.021875 0.04791666666666667
0 0.34765625 0.5572916666666666 0.025 0.041666666666666664
0 0.31015625 0.490625 0.021875 0.04583333333333333
0 0.29765625 0.4583333333333333 0.01953125 0.03958333333333333
0 0.38125 0.546875 0.028125 0.04791666666666667
0 0.37109375 0.6083333333333333 0.02890625 0.053125
0 0.38359375 0.6489583333333333 0.025 0.04791666666666667
0 0.4171875 0.6375 0.02578125 0.05416666666666667
0 0.44140625 0.6354166666666666 0.02265625 0.05
0 0.41953125 0.5885416666666666 0.0234375 0.05
0 0.41484375 0.5302083333333333 0.028125 0.065625
1 0.446875 0.54375 0.028125 0.05520833333333333
0 0.4734375 0.525 0.02890625 0.05416666666666667
0 0.525 0.5677083333333334 0.03984375 0.07083333333333333
0 0.4765625 0.4125 0.04140625 0.07395833333333333
0 0.49453125 0.46145833333333336 0.01953125 0.0375
0 0.51953125 0.44166666666666665 0.028125 0.07395833333333333
0 0.5109375 0.36354166666666665 0.03515625 0.07604166666666666
0 0.56875 0.46041666666666664 0.0359375 0.075
0 0.5875 0.40729166666666666 0.03359375 0.06875
0 0.6703125 0.334375 0.0453125 0.078125
2 0.378125 0.76875 0.021875 0.03125
2 0.3734375 0.7104166666666667 0.015625 0.036458333333333336
3 0.38125 0.8395833333333333 0.05390625 0.11354166666666667
3 0.45390625 0.7729166666666667 0.06640625 0.22708333333333333
3 0.65390625 0.74375 0.04453125 0.078125
3 0.5859375 0.7302083333333333 0.02578125 0.04479166666666667
3 0.5515625 0.703125 0.0171875 0.026041666666666668