1 0.95390625 0.35625 0.0921875 0.13229166666666667
2 0.52265625 0.21666666666666667 0.04453125 0.04791666666666667
2 0.565625 0.334375 0.04765625 0.053125
2 0.63046875 0.3375 0.0453125 0.06458333333333334
2 0.7421875 0.43333333333333335 0.06015625 0.090625
2 0.8765625 0.09479166666666666 0.053125 0.07708333333333334
2 0.58359375 0.07916666666666666 0.0453125 0.052083333333333336
2 0.27109375 0.2125 0.04765625 0.06666666666666667
2 0.3140625 0.3885416666666667 0.04921875 0.08645833333333333
2 0.2625 0.371875 0.04296875 0.06875
2 0.6578125 0.628125 0.0671875 0.11354166666666667
2 0.6 0.6416666666666667 0.078125 0.12395833333333334
2 0.49921875 0.8958333333333334 0.05859375 0.13333333333333333
2 0.56953125 0.9104166666666667 0.06796875 0.13541666666666666
2 0.73046875 0.8291666666666667 0.08828125 0.15
2 0.771875 0.728125 0.071875 0.11875
3 0.87265625 0.32083333333333336 0.1171875 0.17395833333333333
2 0.92890625 0.19375 0.040625 0.057291666666666664
2 0.71484375 0.19166666666666668 0.04765625 0.06145833333333333
2 0.41171875 0.03854166666666667 0.03671875 0.04375
2 0.34609375 0.01875 0.0390625 0.03229166666666667