2 0.325 0.45416666666666666 0.0328125 0.07916666666666666
2 0.63984375 0.17916666666666667 0.03515625 0.04583333333333333
2 0.253125 0.5927083333333333 0.0546875 0.08125
2 0.5671875 0.7 0.078125 0.10208333333333333
2 0.7875 0.596875 0.06171875 0.09166666666666666
2 0.62734375 0.28125 0.05234375 0.05
2 0.1078125 0.48333333333333334 0.040625 0.057291666666666664
2 0.15 0.45 0.03828125 0.059375
2 0.453125 0.5979166666666667 0.0765625 0.08333333333333333
2 0.52421875 0.7666666666666667 0.08671875 0.128125
2 0.453125 0.8635416666666667 0.08125 0.12083333333333333
2 0.8140625 0.7822916666666667 0.09765625 0.140625
2 0.7140625 0.8322916666666667 0.11953125 0.15729166666666666
2 0.040625 0.76875 0.078125 0.11875
2 0.3703125 0.8 0.071875 0.12916666666666668
2 0.63203125 0.140625 0.02421875 0.05416666666666667
2 0.659375 0.40208333333333335 0.0875 0.11354166666666667
2 0.640625 0.525 0.07109375 0.07916666666666666
2 0.74296875 0.4354166666666667 0.0609375 0.08645833333333333
2 0.93515625 0.28229166666666666 0.06484375 0.075
2 0.95390625 0.384375 0.065625 0.06979166666666667
2 0.82734375 0.484375 0.1046875 0.13333333333333333
2 0.80546875 0.28020833333333334 0.040625 0.053125
2 0.35859375 0.33958333333333335 0.05234375 0.05520833333333333
2 0.284375 0.5041666666666667 0.0421875 0.0625
2 0.18359375 0.37083333333333335 0.0359375 0.04791666666666667