2 0.32421875 0.228125 0.0234375 0.041666666666666664
2 0.96171875 0.21041666666666667 0.0765625 0.10416666666666667
2 0.49609375 0.18854166666666666 0.0359375 0.05520833333333333
2 0.0671875 0.75625 0.06015625 0.0875
2 0.5703125 0.303125 0.05390625 0.057291666666666664
2 0.6609375 0.4666666666666667 0.0703125 0.09479166666666666
2 0.69453125 0.390625 0.06875 0.07916666666666666
2 0.49296875 0.765625 0.065625 0.134375
2 0.48984375 0.50625 0.05625 0.08020833333333334
2 0.3484375 0.4322916666666667 0.0546875 0.06979166666666667
2 0.275 0.5041666666666667 0.06171875 0.08020833333333334
2 0.684375 0.9135416666666667 0.125 0.17291666666666666
2 0.6 0.5458333333333333 0.05859375 0.07708333333333334
2 0.5703125 0.478125 0.05546875 0.08125
2 0.640625 0.5197916666666667 0.03671875 0.03958333333333333
2 0.6703125 0.5427083333333333 0.03515625 0.04479166666666667
2 0.8265625 0.8916666666666667 0.05234375 0.052083333333333336