1 0.8875 0.175 0.17890625 0.1125
0 0.7171875 0.23958333333333334 0.109375 0.17916666666666667
0 0.8046875 0.28541666666666665 0.10859375 0.19270833333333334
0 0.778125 0.3802083333333333 0.09921875 0.19270833333333334
0 0.71640625 0.41770833333333335 0.08984375 0.18229166666666666
0 0.6125 0.39375 0.11328125 0.21041666666666667
0 0.6625 0.5416666666666666 0.12421875 0.20833333333333334
1 0.91640625 0.6572916666666667 0.13046875 0.15416666666666667
0 0.92578125 0.5770833333333333 0.08203125 0.12604166666666666
0 0.8515625 0.5708333333333333 0.06953125 0.11666666666666667
3 0.0328125 0.5 0.06484375 0.15833333333333333
3 0.3484375 0.42291666666666666 0.07578125 0.14791666666666667
3 0.4109375 0.2833333333333333 0.109375 0.1125
1 0.809375 0.7510416666666667 0.11796875 0.24791666666666667
1 0.45078125 0.7760416666666666 0.09921875 0.0625
0 0.709375 0.6697916666666667 0.0796875 0.13854166666666667
0 0.9125 0.22708333333333333 0.11171875 0.2
0 0.98046875 0.22708333333333333 0.0390625 0.19583333333333333
0 0.76328125 0.11875 0.11796875 0.20208333333333334
0 0.875 0.04375 0.10859375 0.0875
2 0.16953125 0.66875 0.05 0.08333333333333333
2 0.60625 0.109375 0.0546875 0.07916666666666666
2 0.37109375 0.8145833333333333 0.0515625 0.0875