2 0.30703125 0.22708333333333333 0.02578125 0.03958333333333333
2 0.48046875 0.18645833333333334 0.03046875 0.04791666666666667
2 0.63359375 0.4395833333333333 0.09375 0.12708333333333333
2 0.55546875 0.48541666666666666 0.04921875 0.06770833333333333
2 0.58515625 0.5489583333333333 0.0625 0.08958333333333333
2 0.47578125 0.5104166666666666 0.046875 0.06770833333333333
2 0.8078125 0.88125 0.05859375 0.05520833333333333
2 0.33671875 0.4354166666666667 0.04609375 0.06666666666666667
2 0.66796875 0.9104166666666667 0.12890625 0.178125
2 0.47578125 0.7729166666666667 0.0734375 0.12083333333333333
2 0.2640625 0.5083333333333333 0.06328125 0.08541666666666667
2 0.046875 0.7666666666666667 0.075 0.1
2 0.5546875 0.3 0.0578125 0.07395833333333333
2 0.6765625 0.3885416666666667 0.05859375 0.075
2 0.9671875 0.55625 0.065625 0.10208333333333333
2 0.94765625 0.20729166666666668 0.1046875 0.11458333333333333
2 0.65625 0.54375 0.0296875 0.03958333333333333
2 0.621875 0.51875 0.03203125 0.03333333333333333