2 0.96328125 0.8947916666666667 0.04609375 0.07916666666666666
2 0.928125 0.8552083333333333 0.0484375 0.06458333333333334
2 0.1375 0.4625 0.0625 0.06770833333333333
2 0.028125 0.7802083333333333 0.05546875 0.0875
2 0.3328125 0.46458333333333335 0.05 0.06145833333333333
2 0.390625 0.45416666666666666 0.040625 0.07083333333333333
2 0.36875 0.403125 0.04375 0.06666666666666667
2 0.2984375 0.3302083333333333 0.0375 0.06145833333333333
2 0.6203125 0.7135416666666666 0.0984375 0.171875
2 0.67265625 0.7427083333333333 0.06171875 0.10208333333333333
2 0.6546875 0.7822916666666667 0.0578125 0.1125
2 0.68046875 0.8458333333333333 0.0578125 0.09375
2 0.88359375 0.7583333333333333 0.08671875 0.11458333333333333
2 0.40390625 0.9197916666666667 0.06953125 0.14166666666666666
2 0.9578125 0.6270833333333333 0.06484375 0.103125
2 0.9671875 0.5354166666666667 0.065625 0.12916666666666668
1 0.828125 0.6677083333333333 0.0953125 0.06458333333333334
2 0.48671875 0.35104166666666664 0.0453125 0.058333333333333334
2 0.43125 0.3458333333333333 0.04296875 0.05416666666666667
2 0.4078125 0.31875 0.04609375 0.04791666666666667
2 0.428125 0.171875 0.04609375 0.05520833333333333
2 0.390625 0.20625 0.034375 0.053125
2 0.146875 0.14583333333333334 0.03671875 0.04583333333333333
2 0.265625 0.5114583333333333 0.0484375 0.042708333333333334
2 0.2515625 0.47604166666666664 0.04296875 0.04895833333333333
2 0.68515625 0.2677083333333333 0.05625 0.078125
2 0.86640625 0.34791666666666665 0.04296875 0.058333333333333334
2 0.8546875 0.409375 0.06171875 0.08958333333333333
2 0.8765625 0.490625 0.065625 0.06875
2 0.884375 0.525 0.05546875 0.05520833333333333
2 0.4734375 0.225 0.03203125 0.058333333333333334