2 0.78203125 0.8604166666666667 0.11328125 0.14895833333333333
2 0.23359375 0.196875 0.07734375 0.08645833333333333
2 0.521875 0.3104166666666667 0.0515625 0.10416666666666667
2 0.09453125 0.6145833333333334 0.05703125 0.06458333333333334
2 0.7234375 0.036458333333333336 0.05546875 0.07083333333333333
2 0.67421875 0.030208333333333334 0.06484375 0.058333333333333334
2 0.590625 0.08125 0.0625 0.06041666666666667
2 0.475 0.17291666666666666 0.07421875 0.0625
2 0.37421875 0.11041666666666666 0.0625 0.08125
2 0.696875 0.265625 0.0859375 0.10208333333333333
2 0.65546875 0.7583333333333333 0.0828125 0.15416666666666667
2 0.334375 0.4666666666666667 0.08046875 0.10625
2 0.2640625 0.446875 0.07890625 0.1125
2 0.05 0.26875 0.07109375 0.10104166666666667