2 0.565625 0.9395833333333333 0.09296875 0.12083333333333333
2 0.74453125 0.25 0.10859375 0.16354166666666667
2 0.78671875 0.4479166666666667 0.09609375 0.15833333333333333
2 0.72265625 0.6822916666666666 0.11796875 0.18958333333333333
2 0.8375 0.6208333333333333 0.1328125 0.20416666666666666
2 0.40390625 0.9208333333333333 0.0890625 0.15729166666666666
2 0.44375 0.7802083333333333 0.0828125 0.184375
2 0.415625 0.5052083333333334 0.11875 0.17708333333333334
2 0.26484375 0.41041666666666665 0.06484375 0.11458333333333333
2 0.0546875 0.18645833333333334 0.0640625 0.09791666666666667
1 0.72109375 0.021875 0.0609375 0.03854166666666667
1 0.06484375 0.7697916666666667 0.1265625 0.175