2 0.93828125 0.6958333333333333 0.05703125 0.05520833333333333
2 0.2171875 0.41458333333333336 0.0640625 0.08958333333333333
2 0.04765625 0.45 0.06171875 0.059375
2 0.30078125 0.31875 0.0578125 0.08125
2 0.21875 0.06979166666666667 0.040625 0.06145833333333333
2 0.55 0.12291666666666666 0.06015625 0.06875
2 0.49375 0.35625 0.06875 0.11458333333333333
2 0.5859375 0.31875 0.065625 0.10625
2 0.6859375 0.2791666666666667 0.0765625 0.11145833333333334
2 0.71171875 0.19375 0.07109375 0.08645833333333333
2 0.5515625 0.6666666666666666 0.0828125 0.15416666666666667
2 0.8015625 0.7854166666666667 0.13203125 0.209375
2 0.7265625 0.3614583333333333 0.053125 0.06666666666666667
2 0.29609375 0.14583333333333334 0.05 0.06666666666666667
2 0.63515625 0.378125 0.06328125 0.10520833333333333