2 0.47890625 0.403125 0.03984375 0.04791666666666667
2 0.9109375 0.19895833333333332 0.09375 0.11875
2 0.6671875 0.17291666666666666 0.10234375 0.15729166666666666
2 0.353125 0.515625 0.128125 0.17708333333333334
2 0.69296875 0.565625 0.13046875 0.184375
2 0.80703125 0.465625 0.13984375 0.1625
2 0.4015625 0.7739583333333333 0.09921875 0.18958333333333333
2 0.559375 0.909375 0.1046875 0.18020833333333333
2 0.7296875 0.32395833333333335 0.0953125 0.11979166666666667
2 0.0296875 0.24270833333333333 0.05625 0.075
2 0.38828125 0.046875 0.04375 0.07083333333333333