3 0.95 0.253125 0.1 0.09166666666666666
2 0.95 0.771875 0.1 0.15208333333333332
2 0.92265625 0.4354166666666667 0.07421875 0.07291666666666667
2 0.83984375 0.4666666666666667 0.09765625 0.08020833333333334
2 0.0265625 0.28854166666666664 0.0390625 0.06354166666666666
2 0.3796875 0.421875 0.05234375 0.05
2 0.44453125 0.55625 0.03671875 0.03333333333333333
2 0.52578125 0.3177083333333333 0.05078125 0.04375
2 0.6984375 0.503125 0.07421875 0.08958333333333333
2 0.76015625 0.5197916666666667 0.03046875 0.03229166666666667
2 0.7859375 0.6989583333333333 0.09296875 0.121875
2 0.853125 0.66875 0.0375 0.05