2 0.5265625 0.19375 0.034375 0.06145833333333333
2 0.4734375 0.16041666666666668 0.046875 0.05
2 0.4390625 0.2 0.040625 0.04375
2 0.471875 0.821875 0.06796875 0.11354166666666667
2 0.03125 0.821875 0.0578125 0.090625
2 0.55 0.3072916666666667 0.05390625 0.07083333333333333
2 0.87265625 0.8072916666666666 0.09296875 0.14270833333333333
2 0.834375 0.7447916666666666 0.08046875 0.11354166666666667
2 0.853125 0.6833333333333333 0.08359375 0.1375
2 0.7640625 0.6458333333333334 0.14921875 0.1875
2 0.4671875 0.9322916666666666 0.11171875 0.11458333333333333
2 0.41796875 0.3770833333333333 0.05078125 0.07395833333333333
2 0.44296875 0.4197916666666667 0.04765625 0.07604166666666666
2 0.378125 0.4510416666666667 0.05234375 0.075
2 0.3015625 0.5 0.04765625 0.058333333333333334
2 0.1671875 0.4822916666666667 0.0625 0.06666666666666667
2 0.48671875 0.31354166666666666 0.04765625 0.05625
2 0.45078125 0.296875 0.0421875 0.052083333333333336
2 0.28203125 0.4708333333333333 0.04609375 0.0625
2 0.34375 0.3375 0.05234375 0.06666666666666667