2 0.8859375 0.9625 0.128125 0.075
2 0.61953125 0.8416666666666667 0.0578125 0.08020833333333334
2 0.6015625 0.94375 0.13671875 0.11145833333333334
2 0.5828125 0.8020833333333334 0.06796875 0.12916666666666668
2 0.92109375 0.6114583333333333 0.15703125 0.25
2 0.8078125 0.5375 0.15234375 0.15
2 0.69296875 0.165625 0.075 0.06666666666666667
2 0.6703125 0.3072916666666667 0.0421875 0.09583333333333334
2 0.3640625 0.33125 0.03671875 0.07083333333333333
2 0.30625 0.6 0.0453125 0.084375
2 0.346875 0.7270833333333333 0.05390625 0.11666666666666667
2 0.034375 0.646875 0.0390625 0.084375
3 0.43125 0.15625 0.0578125 0.06041666666666667
2 0.69765625 0.34479166666666666 0.0515625 0.090625