2 0.609375 0.4635416666666667 0.034375 0.05
2 0.15703125 0.55625 0.02421875 0.041666666666666664
2 0.175 0.5052083333333334 0.02421875 0.03125
2 0.17578125 0.4625 0.01953125 0.03229166666666667
3 0.371875 0.4125 0.06328125 0.12916666666666668
3 0.32578125 0.33541666666666664 0.03828125 0.05625
3 0.37109375 0.26979166666666665 0.03125 0.05416666666666667
3 0.34140625 0.26458333333333334 0.025 0.042708333333333334
3 0.584375 0.15729166666666666 0.0625 0.058333333333333334
3 0.8734375 0.03958333333333333 0.0765625 0.07916666666666666
3 0.59609375 0.4197916666666667 0.04296875 0.07916666666666666
3 0.53203125 0.75625 0.09765625 0.17604166666666668
1 0.29296875 0.5572916666666666 0.046875 0.084375