1 0.4515625 0.10729166666666666 0.0265625 0.035416666666666666
2 0.38359375 0.3072916666666667 0.028125 0.03854166666666667
0 0.07109375 0.8447916666666667 0.046875 0.07395833333333333
0 0.23984375 0.653125 0.040625 0.071875
0 0.3015625 0.6510416666666666 0.03828125 0.06666666666666667
0 0.2703125 0.575 0.0390625 0.078125
0 0.365625 0.76875 0.05 0.09375
0 0.365625 0.63125 0.04296875 0.08125
0 0.3734375 0.56875 0.03828125 0.075
0 0.4390625 0.4239583333333333 0.04140625 0.07916666666666666
1 0.34296875 0.38333333333333336 0.02890625 0.09479166666666666
1 0.46953125 0.5114583333333333 0.05625 0.06041666666666667
3 0.61015625 0.809375 0.05390625 0.07083333333333333
2 0.7921875 0.68125 0.0453125 0.0625
3 0.47734375 0.8770833333333333 0.0265625 0.03333333333333333
3 0.525 0.871875 0.03671875 0.059375
1 0.48125 0.25104166666666666 0.0234375 0.03229166666666667
1 0.52421875 0.18958333333333333 0.0359375 0.04375
2 0.5203125 0.08229166666666667 0.02265625 0.04375