2 0.52734375 0.25625 0.02890625 0.0625
2 0.4734375 0.22291666666666668 0.0421875 0.036458333333333336
2 0.4390625 0.25833333333333336 0.03515625 0.042708333333333334
2 0.45 0.353125 0.0453125 0.053125
2 0.484375 0.36875 0.05 0.059375
2 0.28359375 0.5322916666666667 0.04921875 0.05416666666666667
2 0.2984375 0.5625 0.05625 0.057291666666666664
2 0.5484375 0.36041666666666666 0.04609375 0.071875
2 0.3796875 0.5052083333333334 0.0546875 0.0875
2 0.1640625 0.546875 0.0625 0.071875
2 0.77578125 0.6833333333333333 0.16015625 0.2125
2 0.8640625 0.7291666666666666 0.08046875 0.14375
2 0.85078125 0.79375 0.08046875 0.1375
2 0.903125 0.8583333333333333 0.10078125 0.15
2 0.41875 0.4375 0.0453125 0.07708333333333334
2 0.44375 0.48333333333333334 0.0484375 0.0875
2 0.3421875 0.39791666666666664 0.046875 0.06458333333333334
2 0.45234375 0.9666666666666667 0.0953125 0.06666666666666667
2 0.46875 0.8854166666666666 0.059375 0.0875