2 0.7890625 0.6104166666666667 0.0546875 0.0625
2 0.61953125 0.27395833333333336 0.0359375 0.05625
2 0.584375 0.2625 0.0328125 0.03958333333333333
2 0.503125 0.234375 0.0609375 0.084375
2 0.54375 0.2833333333333333 0.05390625 0.08645833333333333
2 0.6078125 0.19270833333333334 0.0734375 0.10729166666666666
2 0.64375 0.12083333333333333 0.06953125 0.090625
2 0.63671875 0.6854166666666667 0.14296875 0.20833333333333334
2 0.41953125 0.5427083333333333 0.08671875 0.15104166666666666
2 0.41484375 0.265625 0.05703125 0.07708333333333334
2 0.1765625 0.29375 0.0609375 0.07604166666666666
2 0.253125 0.21458333333333332 0.059375 0.06458333333333334