0 0.984375 0.884375 0.03046875 0.12604166666666666
2 0.68828125 0.4041666666666667 0.04609375 0.053125
0 0.69375 0.596875 0.10625 0.21041666666666667
0 0.74296875 0.759375 0.10625 0.190625
0 0.80859375 0.9125 0.1 0.175
0 0.809375 0.6322916666666667 0.09453125 0.20104166666666667
0 0.896875 0.6333333333333333 0.1078125 0.203125
0 0.9140625 0.5083333333333333 0.10546875 0.196875
0 0.9796875 0.42291666666666666 0.040625 0.175
0 0.8 0.4270833333333333 0.11796875 0.21770833333333334
0 0.8515625 0.29583333333333334 0.11953125 0.2125
0 0.9609375 0.17916666666666667 0.078125 0.18958333333333333
3 0.04609375 0.6520833333333333 0.0734375 0.18541666666666667
3 0.3890625 0.59375 0.0875 0.19270833333333334
3 0.45 0.43854166666666666 0.10859375 0.12291666666666666
1 0.5078125 0.98125 0.10625 0.0375
2 0.6640625 0.24895833333333334 0.0640625 0.084375
1 0.94375 0.37604166666666666 0.1125 0.11041666666666666