2 0.58125 0.5104166666666666 0.040625 0.071875
2 0.4734375 0.9145833333333333 0.0546875 0.10416666666666667
2 0.44921875 0.8541666666666666 0.04921875 0.08125
1 0.61484375 0.90625 0.06875 0.11145833333333334
1 0.690625 0.778125 0.09140625 0.09895833333333333
1 0.43046875 0.5145833333333333 0.071875 0.065625
1 0.44921875 0.36875 0.0359375 0.059375
1 0.1859375 0.559375 0.0328125 0.08020833333333334
1 0.11328125 0.6791666666666667 0.0234375 0.08854166666666667
1 0.5203125 0.2875 0.0390625 0.08333333333333333
3 0.8125 0.2375 0.09296875 0.10833333333333334
3 0.9546875 0.058333333333333334 0.090625 0.115625
2 0.91484375 0.13645833333333332 0.04296875 0.053125
2 0.89453125 0.040625 0.04609375 0.06770833333333333