2 0.059375 0.42916666666666664 0.05 0.090625
2 0.06015625 0.5552083333333333 0.05546875 0.08958333333333333
2 0.71875 0.159375 0.040625 0.053125
2 0.71328125 0.20833333333333334 0.0421875 0.059375
2 0.48125 0.078125 0.0546875 0.090625
2 0.43828125 0.8958333333333334 0.0984375 0.178125
2 0.840625 0.5927083333333333 0.06015625 0.08125
2 0.9671875 0.51875 0.065625 0.12291666666666666
2 0.86328125 0.3645833333333333 0.05 0.09270833333333334
2 0.75859375 0.4375 0.07265625 0.1
2 0.709375 0.38125 0.05703125 0.0875
2 0.66171875 0.3645833333333333 0.0546875 0.090625
2 0.609375 0.371875 0.04921875 0.08125
2 0.596875 0.44895833333333335 0.06875 0.090625
2 0.52890625 0.4739583333333333 0.06328125 0.096875
2 0.40234375 0.49375 0.05234375 0.075
2 0.47890625 0.3729166666666667 0.0546875 0.08333333333333333
2 0.5390625 0.26979166666666665 0.05546875 0.06979166666666667
2 0.48984375 0.5572916666666666 0.06953125 0.10833333333333334