0 0.53046875 0.31875 0.05 0.08854166666666667
0 0.43515625 0.390625 0.05234375 0.08333333333333333
0 0.51484375 0.6072916666666667 0.06875 0.10833333333333334
0 0.47890625 0.6697916666666667 0.059375 0.10416666666666667
0 0.43203125 0.7322916666666667 0.065625 0.11354166666666667
0 0.33125 0.7791666666666667 0.0703125 0.12291666666666666
0 0.409375 0.8395833333333333 0.0625 0.1125
0 0.4265625 0.934375 0.0609375 0.10833333333333334
0 0.3515625 0.6375 0.05703125 0.10520833333333333
3 0.76328125 0.5020833333333333 0.05703125 0.078125
3 0.7234375 0.6791666666666667 0.06875 0.103125
3 0.7703125 0.03125 0.0625 0.06145833333333333
3 0.478125 0.04583333333333333 0.06953125 0.09166666666666666