2 0.64140625 0.03958333333333333 0.07578125 0.06041666666666667
2 0.76953125 0.30416666666666664 0.06953125 0.09479166666666666
2 0.8265625 0.19166666666666668 0.11328125 0.13333333333333333
2 0.22421875 0.3375 0.06796875 0.11354166666666667
2 0.27265625 0.26145833333333335 0.0296875 0.05520833333333333
2 0.321875 0.23229166666666667 0.071875 0.07916666666666666
2 0.34140625 0.07604166666666666 0.0546875 0.065625
2 0.26328125 0.022916666666666665 0.03671875 0.03854166666666667
2 0.48046875 0.14583333333333334 0.059375 0.05416666666666667
2 0.56484375 0.28541666666666665 0.08671875 0.09270833333333334
2 0.64375 0.659375 0.13515625 0.19583333333333333
2 0.85546875 0.10520833333333333 0.10703125 0.09791666666666667
2 0.88359375 0.29375 0.05546875 0.058333333333333334
2 0.703125 0.24270833333333333 0.065625 0.08645833333333333