2 0.2953125 0.04375 0.0578125 0.08333333333333333
2 0.4234375 0.409375 0.04296875 0.05416666666666667
2 0.86953125 0.09583333333333334 0.0890625 0.134375
2 0.2859375 0.5552083333333333 0.15234375 0.19479166666666667
2 0.37421875 0.8479166666666667 0.08984375 0.21666666666666667
2 0.6828125 0.5270833333333333 0.13046875 0.18958333333333333
2 0.78359375 0.39791666666666664 0.146875 0.178125
2 0.60859375 0.1 0.11875 0.159375
2 0.69609375 0.26458333333333334 0.096875 0.14791666666666667
2 0.56484375 0.9375 0.1109375 0.125
2 0.0765625 0.31354166666666666 0.053125 0.08125