0 0.96953125 0.13020833333333334 0.0609375 0.12395833333333334
1 0.8328125 0.5458333333333333 0.165625 0.14791666666666667
0 0.96015625 0.571875 0.0796875 0.203125
0 0.87734375 0.5947916666666667 0.10546875 0.18541666666666667
0 0.778125 0.35833333333333334 0.11484375 0.18125
0 0.696875 0.5010416666666667 0.1078125 0.18333333333333332
0 0.78828125 0.7 0.10546875 0.20208333333333334
0 0.678125 0.6760416666666667 0.11328125 0.2125
0 0.8203125 0.8791666666666667 0.1140625 0.19583333333333333
0 0.7296875 0.884375 0.09921875 0.203125
0 0.7 0.98125 0.07265625 0.0375
0 0.61640625 0.90625 0.11875 0.1875
1 0.47578125 0.035416666666666666 0.0296875 0.07083333333333333
2 0.56328125 0.6854166666666667 0.05 0.05625
2 0.61328125 0.509375 0.0390625 0.03958333333333333
2 0.5046875 0.5135416666666667 0.06796875 0.109375