2 0.48671875 0.2552083333333333 0.03046875 0.03958333333333333
2 0.590625 0.19895833333333332 0.02890625 0.04791666666666667
2 0.5984375 0.24166666666666667 0.03671875 0.04791666666666667
2 0.2546875 0.5645833333333333 0.04921875 0.06458333333333334
2 0.62890625 0.8802083333333334 0.09609375 0.1375
2 0.7203125 0.834375 0.0828125 0.12291666666666666
2 0.8609375 0.921875 0.121875 0.12291666666666666
2 0.9296875 0.634375 0.10546875 0.10833333333333334
2 0.75078125 0.55 0.09140625 0.11770833333333333
2 0.72109375 0.6635416666666667 0.0796875 0.11458333333333333
2 0.51328125 0.753125 0.07265625 0.103125
2 0.465625 0.8364583333333333 0.08203125 0.115625
2 0.58125 0.584375 0.07109375 0.07708333333333334
2 0.60859375 0.45625 0.06875 0.09270833333333334
2 0.67734375 0.490625 0.0765625 0.09479166666666666
2 0.86875 0.4427083333333333 0.0546875 0.07083333333333333
2 0.90859375 0.2989583333333333 0.0578125 0.06979166666666667
2 0.85703125 0.35104166666666664 0.0578125 0.06666666666666667
2 0.87109375 0.32395833333333335 0.04921875 0.0625
2 0.74453125 0.33958333333333335 0.0421875 0.053125
2 0.5828125 0.34375 0.04296875 0.04791666666666667
2 0.55625 0.38333333333333336 0.0421875 0.041666666666666664
2 0.32421875 0.40208333333333335 0.05625 0.07083333333333333
2 0.28828125 0.51875 0.04140625 0.075
2 0.40625 0.675 0.059375 0.07708333333333334
2 0.121875 0.5 0.0359375 0.06770833333333333
2 0.0265625 0.8177083333333334 0.0515625 0.11145833333333334
2 0.4453125 0.24270833333333333 0.04140625 0.040625
2 0.4046875 0.909375 0.065625 0.11145833333333334
2 0.446875 0.2760416666666667 0.02734375 0.03854166666666667