2 0.55703125 0.1375 0.03515625 0.04375
2 0.5546875 0.6697916666666667 0.028125 0.030208333333333334
0 0.40625 0.025 0.0609375 0.05
0 0.3578125 0.05 0.05234375 0.090625
0 0.3234375 0.10729166666666666 0.046875 0.08645833333333333
0 0.95625 0.35625 0.07578125 0.11979166666666667
0 0.82421875 0.3625 0.06171875 0.10208333333333333
0 0.671875 0.5572916666666666 0.08125 0.12395833333333334
0 0.61484375 0.6802083333333333 0.08984375 0.14479166666666668
0 0.9765625 0.6364583333333333 0.046875 0.096875
0 0.9453125 0.6875 0.0671875 0.12916666666666668
0 0.8609375 0.6854166666666667 0.0859375 0.140625
0 0.80859375 0.721875 0.07421875 0.140625
0 0.740625 0.7479166666666667 0.0875 0.14583333333333334
0 0.675 0.8239583333333333 0.0765625 0.125
0 0.6015625 0.8041666666666667 0.09375 0.15625
0 0.6953125 0.9458333333333333 0.0875 0.10833333333333334
0 0.63984375 0.9458333333333333 0.0734375 0.10833333333333334
0 0.5578125 0.959375 0.09296875 0.08125
1 0.4328125 0.18958333333333333 0.04140625 0.134375
2 0.46796875 0.6614583333333334 0.05390625 0.1
2 0.5171875 0.8125 0.03671875 0.05416666666666667