0 0.98515625 0.590625 0.0296875 0.18125
0 0.60859375 0.9229166666666667 0.1265625 0.15416666666666667
0 0.72265625 0.9072916666666667 0.0984375 0.184375
0 0.815625 0.91875 0.109375 0.1625
0 0.7796875 0.734375 0.11015625 0.2
0 0.665625 0.70625 0.11953125 0.21770833333333334
0 0.68671875 0.5385416666666667 0.1046875 0.2125
0 0.76328125 0.3885416666666667 0.1171875 0.18333333333333332
0 0.9578125 0.1625 0.084375 0.14583333333333334
0 0.8609375 0.6302083333333334 0.1078125 0.20104166666666667
0 0.9515625 0.5958333333333333 0.0765625 0.2
1 0.459375 0.04375 0.03203125 0.0875
2 0.4890625 0.5375 0.0625 0.10833333333333334
2 0.55 0.71875 0.0515625 0.05520833333333333
2 0.6 0.5333333333333333 0.0390625 0.04479166666666667