2 0.50625 0.6322916666666667 0.07265625 0.09166666666666666
2 0.88984375 0.390625 0.07578125 0.06979166666666667
2 0.52421875 0.825 0.07890625 0.14270833333333333
2 0.19765625 0.18125 0.04921875 0.06666666666666667
2 0.46484375 0.4864583333333333 0.10703125 0.14166666666666666
2 0.534375 0.5791666666666667 0.0625 0.08541666666666667
2 0.6015625 0.7791666666666667 0.1296875 0.16770833333333332
2 0.43046875 0.9479166666666666 0.10546875 0.10416666666666667
2 0.75390625 0.303125 0.06796875 0.07083333333333333
2 0.83125 0.2947916666666667 0.06015625 0.075
2 0.753125 0.23541666666666666 0.05625 0.06979166666666667
2 0.81953125 0.20104166666666667 0.0578125 0.06458333333333334
2 0.64140625 0.13645833333333332 0.046875 0.059375
2 0.6453125 0.178125 0.0375 0.058333333333333334
2 0.665625 0.23020833333333332 0.05703125 0.06979166666666667
2 0.709375 0.40729166666666666 0.06875 0.075
2 0.77265625 0.48333333333333334 0.0734375 0.0875
1 0.64296875 0.3697916666666667 0.09765625 0.06979166666666667
2 0.8234375 0.5447916666666667 0.04375 0.052083333333333336
2 0.94453125 0.6854166666666667 0.04453125 0.07083333333333333
2 0.10234375 0.45416666666666666 0.06640625 0.07604166666666666
2 0.14453125 0.38125 0.05 0.07604166666666666
2 0.44921875 0.8520833333333333 0.0984375 0.12291666666666666
2 0.51875 0.5020833333333333 0.059375 0.103125