2 0.6046875 0.8375 0.053125 0.0875
2 0.8828125 0.6333333333333333 0.14609375 0.215625
2 0.7796875 0.5583333333333333 0.128125 0.12604166666666666
2 0.5890625 0.9375 0.12578125 0.125
3 0.425 0.20520833333333333 0.04765625 0.06666666666666667
3 0.53359375 0.06458333333333334 0.0453125 0.05416666666666667
2 0.0296875 0.6645833333333333 0.0453125 0.08958333333333333
2 0.30703125 0.6114583333333333 0.04609375 0.09895833333333333
2 0.346875 0.7395833333333334 0.0578125 0.11666666666666667
2 0.56796875 0.7989583333333333 0.05546875 0.10208333333333333
2 0.653125 0.35208333333333336 0.040625 0.08645833333333333
2 0.359375 0.3614583333333333 0.0375 0.06770833333333333
2 0.85078125 0.9510416666666667 0.0890625 0.09791666666666667
2 0.67421875 0.22291666666666668 0.0640625 0.06875
2 0.67578125 0.3854166666666667 0.04375 0.08333333333333333