2 0.5375 0.690625 0.040625 0.078125
2 0.7234375 0.7666666666666667 0.0578125 0.109375
2 0.27734375 0.5572916666666666 0.04140625 0.075
2 0.51171875 0.8 0.12109375 0.159375
2 0.71875 0.88125 0.06484375 0.12604166666666666
2 0.5046875 0.6614583333333334 0.0421875 0.09375
2 0.31875 0.6458333333333334 0.0515625 0.09583333333333334
2 0.75703125 0.5145833333333333 0.1109375 0.153125
2 0.6734375 0.46979166666666666 0.0921875 0.10208333333333333
2 0.59140625 0.32395833333333335 0.03984375 0.07708333333333334
2 0.6078125 0.346875 0.040625 0.07916666666666666
2 0.61640625 0.21458333333333332 0.06015625 0.06041666666666667
2 0.328125 0.33958333333333335 0.0359375 0.05416666666666667
2 0.0140625 0.609375 0.02734375 0.06770833333333333
3 0.3890625 0.2 0.0515625 0.04791666666666667
3 0.49375 0.08229166666666667 0.03515625 0.03229166666666667