2 0.59609375 0.38229166666666664 0.0515625 0.071875
2 0.921875 0.759375 0.046875 0.05416666666666667
2 0.0265625 0.8208333333333333 0.0515625 0.11354166666666667
2 0.7078125 0.25625 0.07734375 0.07916666666666666
2 0.684375 0.3458333333333333 0.0703125 0.12083333333333333
2 0.79609375 0.8333333333333334 0.11875 0.19583333333333333
2 0.55703125 0.7145833333333333 0.08359375 0.14479166666666668
2 0.0703125 0.49375 0.046875 0.052083333333333336
2 0.3140625 0.359375 0.05390625 0.09583333333333334
2 0.2359375 0.4635416666666667 0.0578125 0.08020833333333334
2 0.50234375 0.4239583333333333 0.0640625 0.08541666666666667
2 0.5546875 0.17291666666666666 0.059375 0.07395833333333333
2 0.4453125 0.052083333333333336 0.0328125 0.06041666666666667
2 0.2296875 0.10625 0.0390625 0.057291666666666664
2 0.715625 0.4375 0.0328125 0.05
2 0.6421875 0.43125 0.0578125 0.11666666666666667