0 0.4015625 0.028125 0.05 0.05416666666666667
0 0.35859375 0.059375 0.0578125 0.1125
2 0.60625 0.1125 0.0390625 0.04895833333333333
2 0.553125 0.8395833333333333 0.040625 0.052083333333333336
2 0.596875 0.6864583333333333 0.03203125 0.034375
2 0.50625 0.66875 0.05234375 0.10833333333333334
1 0.475 0.15833333333333333 0.03984375 0.14895833333333333
1 0.9765625 0.39479166666666665 0.046875 0.11041666666666666
0 0.5953125 0.975 0.08359375 0.05
0 0.684375 0.965625 0.0796875 0.06875
0 0.74921875 0.9677083333333333 0.08125 0.06458333333333334
0 0.6484375 0.8395833333333333 0.10078125 0.18645833333333334
0 0.734375 0.8739583333333333 0.08984375 0.17083333333333334
0 0.8046875 0.7989583333333333 0.0984375 0.16979166666666667
0 0.8875 0.7822916666666667 0.0984375 0.17291666666666666
0 0.9453125 0.74375 0.10859375 0.165625
0 0.6671875 0.7041666666666667 0.0953125 0.1625
0 0.73359375 0.5791666666666667 0.09453125 0.14583333333333334
0 0.903125 0.384375 0.08046875 0.11875