2 0.109375 0.478125 0.05390625 0.08229166666666667
2 0.04140625 0.5333333333333333 0.04375 0.05625
2 0.296875 0.4708333333333333 0.04140625 0.07395833333333333
2 0.309375 0.5864583333333333 0.05 0.090625
2 0.65078125 0.2791666666666667 0.05703125 0.08645833333333333
2 0.6375 0.23229166666666667 0.05234375 0.090625
2 0.69453125 0.09791666666666667 0.0703125 0.06041666666666667
2 0.6921875 0.48333333333333334 0.125 0.14895833333333333
2 0.771875 0.5708333333333333 0.1546875 0.24479166666666666
2 0.66640625 0.9114583333333334 0.1015625 0.175
2 0.4984375 0.7239583333333334 0.040625 0.058333333333333334
2 0.4640625 0.675 0.046875 0.11354166666666667
2 0.44296875 0.8604166666666667 0.1390625 0.2
3 0.47265625 0.053125 0.05859375 0.053125
2 0.20625 0.6354166666666666 0.0359375 0.053125
3 0.0296875 0.6541666666666667 0.05390625 0.12916666666666668
2 0.384375 0.22708333333333333 0.04296875 0.06458333333333334