2 0.5265625 0.25 0.04765625 0.04791666666666667
2 0.01953125 0.7489583333333333 0.03515625 0.09479166666666666
2 0.08046875 0.6760416666666667 0.05703125 0.09583333333333334
2 0.04375 0.625 0.08125 0.11979166666666667
2 0.12890625 0.5104166666666666 0.04765625 0.078125
2 0.2125 0.38333333333333336 0.0421875 0.05
2 0.2296875 0.475 0.046875 0.06666666666666667
2 0.1703125 0.646875 0.05234375 0.08229166666666667
2 0.35 0.5729166666666666 0.0484375 0.078125
2 0.4984375 0.4479166666666667 0.053125 0.06979166666666667
2 0.86640625 0.5979166666666667 0.07265625 0.065625
2 0.97265625 0.6354166666666666 0.0546875 0.125
2 0.94921875 0.51875 0.0875 0.09375
2 0.88359375 0.4708333333333333 0.07265625 0.07083333333333333
2 0.965625 0.4166666666666667 0.06875 0.07916666666666666
2 0.72890625 0.440625 0.0578125 0.07708333333333334