2 0.5296875 0.06145833333333333 0.02265625 0.036458333333333336
1 0.459375 0.08333333333333333 0.0328125 0.03958333333333333
1 0.53046875 0.16979166666666667 0.03203125 0.04479166666666667
1 0.484375 0.22604166666666667 0.02109375 0.035416666666666666
0 0.08125 0.8104166666666667 0.0546875 0.06770833333333333
0 0.24296875 0.6291666666666667 0.046875 0.071875
0 0.27421875 0.5541666666666667 0.03515625 0.07291666666666667
0 0.3015625 0.6270833333333333 0.0375 0.06875
0 0.36015625 0.7375 0.04609375 0.07916666666666666
0 0.3671875 0.609375 0.034375 0.07708333333333334
0 0.37578125 0.5427083333333333 0.03515625 0.075
0 0.440625 0.4083333333333333 0.04375 0.078125
1 0.3484375 0.359375 0.02890625 0.10208333333333333
1 0.4703125 0.49270833333333336 0.0578125 0.05416666666666667
2 0.775 0.66875 0.04296875 0.06145833333333333
3 0.58984375 0.7885416666666667 0.059375 0.090625
2 0.3890625 0.284375 0.0265625 0.03333333333333333