0 0.48515625 0.61875 0.04296875 0.08333333333333333
1 0.4984375 0.5635416666666667 0.053125 0.05625
1 0.5171875 0.035416666666666666 0.025 0.051041666666666666
1 0.5359375 0.24791666666666667 0.03671875 0.036458333333333336
1 0.49375 0.309375 0.021875 0.03229166666666667
2 0.4 0.36666666666666664 0.03046875 0.041666666666666664
1 0.36484375 0.453125 0.0265625 0.10729166666666666
0 0.46640625 0.484375 0.04296875 0.07916666666666666
0 0.39921875 0.621875 0.0390625 0.08125
0 0.39609375 0.69375 0.04609375 0.08333333333333333
0 0.41953125 0.81875 0.046875 0.08333333333333333
0 0.3375 0.715625 0.03359375 0.065625
0 0.3 0.6447916666666667 0.0421875 0.075
3 0.68046875 0.8520833333333333 0.05546875 0.078125
2 0.84765625 0.7145833333333333 0.0453125 0.0625
3 0.603125 0.921875 0.03125 0.05520833333333333
3 0.55078125 0.934375 0.02890625 0.05520833333333333
1 0.453125 0.16875 0.03125 0.041666666666666664
2 0.525 0.14166666666666666 0.02265625 0.03854166666666667
1 0.4796875 0.08541666666666667 0.0234375 0.03333333333333333