2 0.12578125 0.3020833333333333 0.02734375 0.036458333333333336
2 0.8578125 0.6854166666666667 0.065625 0.06979166666666667
2 0.5765625 0.2791666666666667 0.04296875 0.053125
2 0.6140625 0.29583333333333334 0.046875 0.04583333333333333
2 0.47890625 0.2552083333333333 0.05390625 0.07291666666666667
2 0.51796875 0.31979166666666664 0.0671875 0.090625
2 0.62109375 0.10520833333333333 0.0796875 0.09270833333333334
2 0.58515625 0.20208333333333334 0.0875 0.11875
2 0.68046875 0.8072916666666666 0.1796875 0.2760416666666667
2 0.3921875 0.6552083333333333 0.10078125 0.16875
2 0.45234375 0.03854166666666667 0.071875 0.06875
2 0.17734375 0.27291666666666664 0.0671875 0.08333333333333333
2 0.0765625 0.384375 0.075 0.11354166666666667
2 0.371875 0.3104166666666667 0.065625 0.11041666666666666