2 0.3421875 0.675 0.05390625 0.075
2 0.48203125 0.5885416666666666 0.046875 0.057291666666666664
2 0.48984375 0.40625 0.02890625 0.053125
2 0.51875 0.44479166666666664 0.034375 0.04479166666666667
2 0.6125 0.41354166666666664 0.0328125 0.052083333333333336
2 0.70234375 0.7052083333333333 0.05859375 0.09583333333333334
2 0.74375 0.6927083333333334 0.046875 0.07916666666666666
2 0.76640625 0.81875 0.06796875 0.12604166666666666
2 0.825 0.5927083333333333 0.05703125 0.08125
2 0.59921875 0.921875 0.04921875 0.08854166666666667
2 0.465625 0.8822916666666667 0.05390625 0.090625