2 0.80234375 0.5270833333333333 0.04765625 0.0625
2 0.33359375 0.6583333333333333 0.03515625 0.05520833333333333
2 0.87109375 0.9510416666666667 0.03671875 0.06875
2 0.8734375 0.75625 0.046875 0.075
2 0.69921875 0.271875 0.025 0.040625
2 0.8484375 0.371875 0.046875 0.06666666666666667
2 0.76953125 0.7802083333333333 0.059375 0.08020833333333334
2 0.709375 0.7322916666666667 0.0546875 0.08333333333333333
2 0.78515625 0.6260416666666667 0.04921875 0.08333333333333333
2 0.73359375 0.5708333333333333 0.05 0.0625
2 0.659375 0.5197916666666667 0.0421875 0.06145833333333333
2 0.6734375 0.47708333333333336 0.0296875 0.04583333333333333
2 0.6515625 0.44895833333333335 0.03046875 0.05
2 0.42578125 0.871875 0.03984375 0.075
2 0.403125 0.8041666666666667 0.0359375 0.08020833333333334
2 0.3796875 0.771875 0.034375 0.06145833333333333
2 0.5890625 0.6 0.0328125 0.058333333333333334
2 0.5375 0.7125 0.03671875 0.06145833333333333
3 0.5203125 0.521875 0.05546875 0.07083333333333333
2 0.47578125 0.9729166666666667 0.05546875 0.053125