2 0.959375 0.5875 0.0546875 0.06979166666666667
2 0.13828125 0.42916666666666664 0.0359375 0.04583333333333333
2 0.10234375 0.47708333333333336 0.0421875 0.053125
2 0.15625 0.35625 0.03359375 0.04479166666666667
2 0.35078125 0.4510416666666667 0.0390625 0.05625
2 0.39140625 0.4395833333333333 0.034375 0.053125
2 0.4203125 0.36354166666666665 0.0359375 0.04791666666666667
2 0.43359375 0.3177083333333333 0.0359375 0.052083333333333336
2 0.459375 0.27291666666666664 0.02421875 0.046875
2 0.5109375 0.3541666666666667 0.03515625 0.05625
2 0.41875 0.5354166666666667 0.046875 0.071875
2 0.3171875 0.6739583333333333 0.0359375 0.0625
2 0.35390625 0.7583333333333333 0.04453125 0.090625
2 0.434375 0.8625 0.0421875 0.078125
2 0.4796875 0.7 0.04296875 0.06875
2 0.50625 0.709375 0.03828125 0.06666666666666667
2 0.5328125 0.6322916666666667 0.04296875 0.06666666666666667
2 0.56875 0.59375 0.040625 0.075
2 0.53203125 0.5666666666666667 0.03828125 0.071875
2 0.50703125 0.47604166666666664 0.03828125 0.0625
2 0.54140625 0.4979166666666667 0.04296875 0.075
2 0.659375 0.69375 0.05078125 0.08020833333333334
2 0.80703125 0.91875 0.06015625 0.10625
2 0.85625 0.671875 0.09140625 0.12916666666666668
2 0.940625 0.48125 0.04609375 0.06666666666666667
2 0.67890625 0.315625 0.03515625 0.04583333333333333
2 0.27734375 0.4625 0.0359375 0.05416666666666667