2 0.38828125 0.5895833333333333 0.0359375 0.06354166666666666
2 0.37421875 0.5666666666666667 0.034375 0.06979166666666667
3 0.7640625 0.01875 0.07734375 0.0375
0 0.47890625 0.8895833333333333 0.06328125 0.12916666666666668
1 0.5421875 0.975 0.05234375 0.05
1 0.86796875 0.55625 0.05390625 0.08020833333333334
1 0.5328125 0.48333333333333334 0.05390625 0.06354166666666666
1 0.478125 0.5760416666666667 0.0296875 0.042708333333333334
1 0.38203125 0.34479166666666666 0.04765625 0.051041666666666666
1 0.4015625 0.23541666666666666 0.02890625 0.042708333333333334
1 0.45703125 0.17916666666666667 0.0296875 0.05625
3 0.659375 0.115625 0.059375 0.08125
2 0.4828125 0.325 0.03203125 0.053125
2 0.3375 0.6572916666666667 0.0375 0.06354166666666666
2 0.73203125 0.041666666666666664 0.0234375 0.0375