2 0.93984375 0.5947916666666667 0.05625 0.058333333333333334
2 0.7484375 0.7 0.0234375 0.026041666666666668
2 0.70078125 0.6875 0.059375 0.075
2 0.115625 0.39791666666666664 0.028125 0.051041666666666666
2 0.50859375 0.7104166666666667 0.0296875 0.034375
2 0.765625 0.8604166666666667 0.06171875 0.096875
2 0.8109375 0.8364583333333333 0.0265625 0.04479166666666667
2 0.87734375 0.921875 0.06796875 0.1125
2 0.80859375 0.6614583333333334 0.06171875 0.078125
2 0.871875 0.6427083333333333 0.05234375 0.058333333333333334
3 0.8984375 0.4875 0.0765625 0.09270833333333334
2 0.44453125 0.5770833333333333 0.04609375 0.04895833333333333