1 0.51875 0.021875 0.025 0.042708333333333334
2 0.64296875 0.48125 0.0390625 0.03125
2 0.590625 0.6541666666666667 0.0515625 0.057291666666666664
2 0.53671875 0.48020833333333335 0.06484375 0.11041666666666666
1 0.871875 0.5291666666666667 0.18515625 0.14479166666666668
0 0.81875 0.340625 0.1203125 0.171875
0 0.9765625 0.5645833333333333 0.046875 0.17291666666666666
0 0.9046875 0.578125 0.1015625 0.190625
0 0.73125 0.48541666666666666 0.1078125 0.18958333333333333
0 0.70859375 0.6458333333333334 0.12109375 0.19479166666666667
0 0.81640625 0.6760416666666667 0.10546875 0.21458333333333332
0 0.846875 0.8552083333333333 0.1234375 0.21354166666666666
0 0.753125 0.85625 0.0953125 0.19166666666666668
0 0.70703125 0.9625 0.1 0.075
0 0.63359375 0.8885416666666667 0.125 0.22291666666666668
3 0.35 0.7916666666666666 0.1015625 0.17395833333333333