2 0.953125 0.31875 0.05546875 0.04479166666666667
2 0.90234375 0.4239583333333333 0.0640625 0.06458333333333334
3 0.4140625 0.309375 0.04296875 0.05416666666666667
3 0.6609375 0.2760416666666667 0.053125 0.07083333333333333
2 0.2203125 0.4395833333333333 0.02890625 0.03333333333333333
2 0.3140625 0.6541666666666667 0.0421875 0.08333333333333333
2 0.6203125 0.5760416666666667 0.0546875 0.06979166666666667
2 0.396875 0.56875 0.0390625 0.059375
2 0.328125 0.44583333333333336 0.03515625 0.036458333333333336
2 0.375 0.46875 0.021875 0.035416666666666666
2 0.15078125 0.5395833333333333 0.025 0.029166666666666667