3 0.86953125 0.27708333333333335 0.10234375 0.125
3 0.9796875 0.09479166666666666 0.03984375 0.08020833333333334
1 0.1015625 0.7270833333333333 0.02421875 0.10208333333333333
1 0.18046875 0.6 0.0390625 0.090625
1 0.446875 0.5677083333333334 0.0859375 0.07291666666666667
1 0.46484375 0.41041666666666665 0.040625 0.06145833333333333
1 0.54375 0.33125 0.04453125 0.090625
1 0.75625 0.890625 0.1078125 0.12395833333333334
2 0.475 0.9552083333333333 0.05546875 0.08125
2 0.5125 0.9875 0.04296875 0.023958333333333335
2 0.61875 0.578125 0.046875 0.07604166666666666
2 0.98203125 0.1625 0.0359375 0.0625
2 0.95703125 0.057291666666666664 0.059375 0.06979166666666667