2 0.45625 0.4270833333333333 0.04453125 0.041666666666666664
1 0.4078125 0.43333333333333335 0.0421875 0.03958333333333333
2 0.425 0.6104166666666667 0.05390625 0.06666666666666667
2 0.32109375 0.525 0.065625 0.07916666666666666
2 0.60234375 0.5239583333333333 0.046875 0.053125
2 0.63203125 0.45625 0.05703125 0.06041666666666667
2 0.64140625 0.32916666666666666 0.04453125 0.059375
2 0.509375 0.34270833333333334 0.0421875 0.04375
2 0.46171875 0.32083333333333336 0.03828125 0.036458333333333336
2 0.07578125 0.6385416666666667 0.03515625 0.075
2 0.025 0.6864583333333333 0.046875 0.057291666666666664
2 0.12734375 0.5239583333333333 0.04140625 0.058333333333333334
2 0.3609375 0.7666666666666667 0.07890625 0.11875
2 0.425 0.9541666666666667 0.08125 0.09166666666666666
2 0.51484375 0.86875 0.0828125 0.10208333333333333
2 0.65625 0.8541666666666666 0.0953125 0.12916666666666668
2 0.884375 0.8291666666666667 0.1359375 0.190625
2 0.7703125 0.7229166666666667 0.08359375 0.12083333333333333
2 0.68828125 0.6520833333333333 0.07265625 0.11354166666666667
2 0.83671875 0.490625 0.0578125 0.07083333333333333
2 0.8875 0.5145833333333333 0.07109375 0.08333333333333333
2 0.9734375 0.5020833333333333 0.053125 0.07708333333333334
2 0.46640625 0.36041666666666666 0.03046875 0.04583333333333333
2 0.63046875 0.2677083333333333 0.02734375 0.04583333333333333