3 0.54609375 0.8510416666666667 0.03203125 0.04895833333333333
2 0.6703125 0.06875 0.0234375 0.030208333333333334
1 0.60546875 0.071875 0.03828125 0.03229166666666667
2 0.51640625 0.25729166666666664 0.02734375 0.0375
2 0.8203125 0.7875 0.04375 0.06458333333333334
3 0.62578125 0.8333333333333334 0.04921875 0.08645833333333333
3 0.4015625 0.9135416666666667 0.053125 0.171875
1 0.5640625 0.48854166666666665 0.05546875 0.0625
0 0.2125 0.6510416666666666 0.0421875 0.053125
0 0.36640625 0.66875 0.0296875 0.058333333333333334
0 0.35625 0.5489583333333333 0.02890625 0.07395833333333333
0 0.3828125 0.5916666666666667 0.01953125 0.046875
0 0.40625 0.5625 0.03125 0.0625
0 0.3875 0.4875 0.03359375 0.0625
0 0.459375 0.55625 0.03203125 0.0625
0 0.47578125 0.5083333333333333 0.0296875 0.05625
0 0.54921875 0.396875 0.03515625 0.071875
1 0.46640625 0.3260416666666667 0.0359375 0.09270833333333334
1 0.61015625 0.23020833333333332 0.02109375 0.030208333333333334
1 0.6609375 0.17916666666666667 0.03046875 0.046875