2 0.5734375 0.7833333333333333 0.053125 0.07708333333333334
2 0.78046875 0.89375 0.07890625 0.12604166666666666
2 0.0203125 0.6447916666666667 0.0359375 0.08645833333333333
2 0.3484375 0.36875 0.03515625 0.06979166666666667
2 0.290625 0.5989583333333334 0.046875 0.078125
2 0.33359375 0.709375 0.04765625 0.090625
2 0.55 0.7520833333333333 0.08046875 0.10729166666666666
2 0.54140625 0.8979166666666667 0.13984375 0.19166666666666668
2 0.640625 0.24375 0.06796875 0.053125
2 0.64140625 0.39166666666666666 0.04140625 0.07291666666666667
2 0.6234375 0.35625 0.03046875 0.07708333333333334
2 0.721875 0.546875 0.11328125 0.115625
2 0.81640625 0.5979166666666667 0.13359375 0.190625
3 0.40703125 0.21458333333333332 0.05703125 0.06041666666666667
3 0.515625 0.096875 0.04453125 0.04791666666666667