2 0.7265625 0.8239583333333333 0.02734375 0.03125
2 0.6890625 0.8458333333333333 0.053125 0.07604166666666666
3 0.80625 0.5270833333333333 0.0734375 0.06145833333333333
2 0.08828125 0.4395833333333333 0.03203125 0.05
2 0.40859375 0.6083333333333333 0.03828125 0.04375
2 0.51171875 0.5375 0.0328125 0.035416666666666666
2 0.46796875 0.7291666666666666 0.02734375 0.029166666666666667
2 0.6375 0.7020833333333333 0.04765625 0.06666666666666667
2 0.6796875 0.7177083333333333 0.01796875 0.03125
2 0.7296875 0.684375 0.0578125 0.06041666666666667
2 0.7828125 0.6635416666666667 0.04453125 0.051041666666666666
2 0.84140625 0.63125 0.040625 0.046875
2 0.8953125 0.6291666666666667 0.059375 0.04479166666666667