0 0.97578125 0.8052083333333333 0.0484375 0.21875
0 0.90546875 0.8114583333333333 0.10703125 0.19895833333333332
0 0.82890625 0.9114583333333334 0.103125 0.17604166666666668
0 0.98203125 0.32395833333333335 0.0359375 0.12708333333333333
0 0.8171875 0.55 0.11796875 0.18125
0 0.73671875 0.7 0.1171875 0.20625
0 0.7171875 0.8697916666666666 0.12578125 0.22395833333333334
1 0.86953125 0.7489583333333333 0.17265625 0.14166666666666666
1 0.49375 0.08541666666666667 0.03984375 0.165625
2 0.5265625 0.6604166666666667 0.07578125 0.12604166666666666
2 0.59453125 0.8677083333333333 0.05078125 0.065625
2 0.646875 0.675 0.040625 0.05
2 0.6453125 0.041666666666666664 0.04453125 0.04375