0 0.86875 0.19583333333333333 0.0390625 0.065625
0 0.85078125 0.13958333333333334 0.0421875 0.06354166666666666
2 0.84921875 0.8385416666666666 0.05625 0.08333333333333333
3 0.8125 0.7541666666666667 0.084375 0.15
3 0.4578125 0.6864583333333333 0.1015625 0.184375
3 0.7296875 0.34479166666666666 0.09375 0.08333333333333333
3 0.4359375 0.3 0.0453125 0.08333333333333333
3 0.3140625 0.47291666666666665 0.0328125 0.07916666666666666
3 0.38515625 0.4354166666666667 0.03828125 0.071875
3 0.4234375 0.44895833333333335 0.0546875 0.06979166666666667
3 0.3703125 0.5427083333333333 0.05859375 0.0875
3 0.44296875 0.36041666666666666 0.03125 0.05416666666666667
3 0.271875 0.6 0.0453125 0.07916666666666666
1 0.2453125 0.5729166666666666 0.028125 0.04895833333333333
2 0.54375 0.3729166666666667 0.034375 0.03958333333333333
2 0.69765625 0.12916666666666668 0.0296875 0.0375
2 0.8140625 0.36770833333333336 0.05234375 0.04791666666666667