2 0.3296875 0.21770833333333334 0.03125 0.040625
2 0.66484375 0.45 0.071875 0.1
2 0.965625 0.2 0.06875 0.08333333333333333
2 0.5 0.17708333333333334 0.03671875 0.05520833333333333
2 0.49375 0.49166666666666664 0.059375 0.07708333333333334
2 0.6984375 0.37916666666666665 0.06328125 0.08229166666666667
2 0.57421875 0.2947916666666667 0.053125 0.07395833333333333
2 0.68828125 0.9083333333333333 0.1296875 0.18333333333333332
2 0.496875 0.7604166666666666 0.07578125 0.13020833333333334
2 0.28203125 0.49895833333333334 0.05546875 0.08020833333333334
2 0.075 0.7395833333333334 0.0625 0.08958333333333333
2 0.353125 0.42083333333333334 0.05703125 0.06979166666666667
2 0.8296875 0.875 0.0484375 0.04895833333333333
2 0.60078125 0.5354166666666667 0.06015625 0.07604166666666666
2 0.5765625 0.48125 0.0609375 0.06666666666666667
2 0.64296875 0.5177083333333333 0.03125 0.03854166666666667
2 0.67578125 0.5364583333333334 0.034375 0.042708333333333334