1 0.978125 0.49895833333333334 0.04375 0.1
2 0.7 0.34375 0.06953125 0.09166666666666666
0 0.859375 0.771875 0.1140625 0.1875
3 0.053125 0.7166666666666667 0.0765625 0.1875
3 0.41171875 0.6833333333333333 0.09140625 0.20416666666666666
3 0.4828125 0.5302083333333333 0.10078125 0.11770833333333333
0 0.73515625 0.734375 0.1125 0.2125
0 0.78515625 0.8927083333333333 0.0796875 0.15416666666666667
0 0.81875 0.9541666666666667 0.08515625 0.09166666666666666
0 0.95546875 0.809375 0.0890625 0.2
0 0.95390625 0.6520833333333333 0.09140625 0.20416666666666666
0 0.8484375 0.553125 0.1125 0.21145833333333333
0 0.9046875 0.41041666666666665 0.13359375 0.209375
0 0.9859375 0.3229166666666667 0.028125 0.17083333333333334
2 0.80859375 0.3802083333333333 0.0421875 0.042708333333333334
2 0.725 0.5166666666666667 0.04765625 0.05625