2 0.7 0.2833333333333333 0.03203125 0.041666666666666664
2 0.73828125 0.2604166666666667 0.05 0.04479166666666667
2 0.62265625 0.4375 0.04140625 0.06458333333333334
2 0.69609375 0.37083333333333335 0.0578125 0.057291666666666664
2 0.9515625 0.34791666666666665 0.05625 0.06458333333333334
2 0.68671875 0.6291666666666667 0.0734375 0.09791666666666667
2 0.5203125 0.7958333333333333 0.06328125 0.10625
2 0.26640625 0.528125 0.04765625 0.04791666666666667
2 0.3328125 0.4739583333333333 0.0546875 0.0625
2 0.34375 0.5291666666666667 0.053125 0.071875
2 0.3609375 0.609375 0.06171875 0.084375
2 0.25078125 0.6145833333333334 0.05 0.06875