1 0.39609375 0.44479166666666664 0.04140625 0.04583333333333333
2 0.46015625 0.36041666666666666 0.03671875 0.05
2 0.415625 0.75625 0.0703125 0.10520833333333333
2 0.36328125 0.578125 0.0328125 0.0625
2 0.73984375 0.39375 0.0515625 0.06875
2 0.50546875 0.3458333333333333 0.03828125 0.04375
2 0.45390625 0.32708333333333334 0.03671875 0.042708333333333334
2 0.44453125 0.4354166666666667 0.04765625 0.05
2 0.63984375 0.328125 0.046875 0.05520833333333333
2 0.63515625 0.4625 0.053125 0.059375
2 0.62421875 0.5145833333333333 0.04140625 0.046875
2 0.60546875 0.5541666666666667 0.0421875 0.065625
2 0.828125 0.5322916666666667 0.05390625 0.06458333333333334
2 0.8609375 0.5083333333333333 0.065625 0.07604166666666666
2 0.915625 0.5302083333333333 0.07421875 0.09583333333333334
2 0.6984375 0.6854166666666667 0.07890625 0.140625
2 0.7921875 0.771875 0.08828125 0.128125
2 0.91796875 0.8958333333333334 0.1546875 0.20833333333333334
2 0.6609375 0.9333333333333333 0.096875 0.13333333333333333
2 0.509375 0.9291666666666667 0.07890625 0.12395833333333334
2 0.35859375 0.8114583333333333 0.0578125 0.11770833333333333
2 0.41484375 0.64375 0.06640625 0.07708333333333334
2 0.10703125 0.5302083333333333 0.0484375 0.0625
2 0.04765625 0.6552083333333333 0.04453125 0.07083333333333333
2 0.303125 0.55 0.07109375 0.10208333333333333
2 0.634375 0.26875 0.02734375 0.058333333333333334
2 0.73515625 0.271875 0.0328125 0.04583333333333333