2 0.06640625 0.815625 0.0703125 0.12083333333333333
2 0.575 0.9447916666666667 0.07890625 0.11041666666666666
1 0.77109375 0.9135416666666667 0.09296875 0.09791666666666667
0 0.7984375 0.4354166666666667 0.0765625 0.12604166666666666
0 0.7375 0.4197916666666667 0.0609375 0.11666666666666667
1 0.79609375 0.49895833333333334 0.1171875 0.16666666666666666
1 0.70546875 0.5770833333333333 0.13203125 0.2708333333333333
0 0.953125 0.10625 0.09296875 0.203125
0 0.8625 0.11354166666666667 0.09140625 0.18125
0 0.77890625 0.11354166666666667 0.09453125 0.17916666666666667
0 0.65703125 0.06354166666666666 0.09296875 0.12708333333333333
0 0.6109375 0.14895833333333333 0.08984375 0.17395833333333333
0 0.6921875 0.17291666666666666 0.0796875 0.15208333333333332
0 0.6546875 0.25833333333333336 0.07265625 0.14895833333333333
0 0.6109375 0.2916666666666667 0.065625 0.12604166666666666
0 0.60703125 0.5302083333333333 0.0671875 0.14166666666666666
0 0.565625 0.41041666666666665 0.07578125 0.18020833333333333
0 0.52890625 0.28854166666666664 0.0859375 0.16875
3 0.35 0.2125 0.08984375 0.09895833333333333
3 0.2984375 0.33958333333333335 0.0625 0.13958333333333334
0 0.91953125 0.38958333333333334 0.0890625 0.18645833333333334
1 0.60078125 0.828125 0.10703125 0.12916666666666668
2 0.315625 0.696875 0.04296875 0.07708333333333334
1 0.3890625 0.653125 0.0890625 0.059375
2 0.91328125 0.8177083333333334 0.09296875 0.159375
2 0.9765625 0.9229166666666667 0.046875 0.1125
2 0.97421875 0.7739583333333333 0.05078125 0.08020833333333334
3 0.0203125 0.44583333333333336 0.03984375 0.14479166666666668
2 0.5328125 0.052083333333333336 0.0546875 0.06875
2 0.6 0.03125 0.04609375 0.04791666666666667
2 0.14140625 0.5947916666666667 0.05 0.08333333333333333