2 0.75 0.109375 0.03359375 0.058333333333333334
2 0.23359375 0.35208333333333336 0.0390625 0.05520833333333333
2 0.196875 0.390625 0.0390625 0.05
2 0.4765625 0.28125 0.04921875 0.06458333333333334
2 0.5875 0.17291666666666666 0.0390625 0.04375
2 0.628125 0.15625 0.04296875 0.04375
2 0.98046875 0.30416666666666664 0.0390625 0.075
2 0.83671875 0.42604166666666665 0.084375 0.11666666666666667
2 0.0859375 0.37604166666666666 0.0515625 0.0625
2 0.1375 0.7125 0.09453125 0.12916666666666668
2 0.7578125 0.16145833333333334 0.04296875 0.053125
2 0.58046875 0.3572916666666667 0.05390625 0.06875
2 0.45 0.4166666666666667 0.0546875 0.090625
2 0.4078125 0.4583333333333333 0.04765625 0.06979166666666667
1 0.38359375 0.653125 0.11328125 0.10833333333333334
2 0.45859375 0.7864583333333334 0.08046875 0.1375
2 0.39453125 0.73125 0.09453125 0.128125
2 0.82890625 0.5635416666666667 0.0921875 0.10104166666666667
2 0.61953125 0.6229166666666667 0.0828125 0.08020833333333334
2 0.5375 0.8395833333333333 0.090625 0.15
2 0.596875 0.8864583333333333 0.07109375 0.13125
2 0.65390625 0.9385416666666667 0.08984375 0.12291666666666666
2 0.734375 0.8479166666666667 0.08125 0.14375
2 0.76875 0.765625 0.09140625 0.1375
2 0.8546875 0.83125 0.06484375 0.10520833333333333
2 0.93984375 0.9364583333333333 0.10625 0.12708333333333333
2 0.92890625 0.47708333333333336 0.0890625 0.10729166666666666
2 0.746875 0.31875 0.0390625 0.04895833333333333
2 0.7640625 0.29583333333333334 0.0390625 0.035416666666666666
2 0.7609375 0.26145833333333335 0.05234375 0.051041666666666666