1 0.453125 0.05 0.0328125 0.09895833333333333
2 0.6 0.56875 0.0390625 0.035416666666666666
2 0.5515625 0.7510416666666667 0.046875 0.059375
2 0.4875 0.5645833333333333 0.07109375 0.11666666666666667
1 0.8171875 0.6145833333333334 0.165625 0.14166666666666666
0 0.95625 0.20104166666666667 0.0875 0.14791666666666667
0 0.76484375 0.42916666666666664 0.115625 0.17395833333333333
0 0.68671875 0.5729166666666666 0.11328125 0.19270833333333334
0 0.60859375 0.9427083333333334 0.1234375 0.11458333333333333
0 0.71875 0.9270833333333334 0.08984375 0.14583333333333334
0 0.8046875 0.9302083333333333 0.1140625 0.13854166666666667
0 0.6671875 0.7385416666666667 0.11171875 0.2125
0 0.778125 0.7645833333333333 0.10859375 0.21145833333333333
0 0.85546875 0.6666666666666666 0.10546875 0.19791666666666666
0 0.94765625 0.6385416666666667 0.08046875 0.18854166666666666
0 0.98359375 0.6260416666666667 0.03203125 0.17916666666666667