2 0.878125 0.325 0.0421875 0.07083333333333333
2 0.1015625 0.5583333333333333 0.06015625 0.08020833333333334
2 0.1671875 0.5208333333333334 0.04765625 0.0875
2 0.0171875 0.6072916666666667 0.0296875 0.053125
2 0.028125 0.6395833333333333 0.0546875 0.07083333333333333
2 0.4375 0.5354166666666667 0.1015625 0.11875
2 0.440625 0.9239583333333333 0.1109375 0.15208333333333332
2 0.82578125 0.7416666666666667 0.075 0.09791666666666667
2 0.8515625 0.6791666666666667 0.06875 0.075
2 0.86328125 0.6177083333333333 0.0828125 0.10208333333333333
2 0.88359375 0.4041666666666667 0.0609375 0.08229166666666667
2 0.91796875 0.3625 0.04609375 0.058333333333333334
2 0.54609375 0.953125 0.08359375 0.09375
2 0.61875 0.45416666666666666 0.05703125 0.07083333333333333
2 0.6375 0.35625 0.04765625 0.05520833333333333
2 0.6953125 0.35104166666666664 0.04453125 0.06458333333333334
2 0.6828125 0.26979166666666665 0.040625 0.053125
2 0.63359375 0.296875 0.0515625 0.07083333333333333
2 0.4921875 0.5989583333333334 0.05625 0.071875
2 0.1265625 0.48854166666666665 0.04609375 0.06354166666666666
2 0.575 0.33125 0.03828125 0.036458333333333336