1 0.05625 0.7979166666666667 0.109375 0.14270833333333333
2 0.07265625 0.215625 0.06796875 0.0875
2 0.2765625 0.45 0.0703125 0.11354166666666667
2 0.759375 0.30833333333333335 0.11015625 0.178125
2 0.7984375 0.51875 0.11015625 0.15729166666666666
2 0.7375 0.7479166666666667 0.1203125 0.20729166666666668
2 0.853125 0.6979166666666666 0.12890625 0.20104166666666667
2 0.4578125 0.8395833333333333 0.08359375 0.18333333333333332
2 0.43359375 0.5541666666666667 0.115625 0.17604166666666668
1 0.77109375 0.04791666666666667 0.1375 0.09166666666666666
2 0.89296875 0.06041666666666667 0.1203125 0.11145833333333334
2 0.7296875 0.20416666666666666 0.05390625 0.07083333333333333