2 0.303125 0.5083333333333333 0.05234375 0.06041666666666667
2 0.553125 0.23645833333333333 0.028125 0.06458333333333334
2 0.46328125 0.23541666666666666 0.0375 0.040625
2 0.47734375 0.3333333333333333 0.040625 0.053125
2 0.5078125 0.35520833333333335 0.05 0.05520833333333333
2 0.5765625 0.34479166666666666 0.05390625 0.053125
2 0.8234375 0.715625 0.1734375 0.23645833333333333
2 0.91953125 0.7572916666666667 0.11640625 0.1625
2 0.9046875 0.8510416666666667 0.1015625 0.13541666666666666
2 0.946875 0.8958333333333334 0.10546875 0.20416666666666666
2 0.39765625 0.49166666666666664 0.05625 0.07916666666666666
2 0.4421875 0.41875 0.0453125 0.08125
2 0.46796875 0.46145833333333336 0.053125 0.08333333333333333
2 0.31953125 0.5427083333333333 0.0578125 0.04791666666666667
2 0.18671875 0.515625 0.06328125 0.065625
2 0.36328125 0.3802083333333333 0.04921875 0.071875