2 0.51015625 0.4041666666666667 0.03515625 0.05520833333333333
2 0.29375 0.3729166666666667 0.03359375 0.058333333333333334
2 0.56328125 0.13958333333333334 0.0328125 0.065625
2 0.5515625 0.12395833333333334 0.028125 0.06041666666666667
2 0.3234375 0.20833333333333334 0.0265625 0.04791666666666667
2 0.0171875 0.55625 0.0296875 0.06666666666666667
2 0.06484375 0.490625 0.04140625 0.071875
2 0.57265625 0.036458333333333336 0.0484375 0.05416666666666667
2 0.61328125 0.19895833333333332 0.06328125 0.08020833333333334
2 0.67578125 0.20833333333333334 0.08359375 0.13229166666666667
2 0.6421875 0.46875 0.046875 0.08020833333333334
2 0.4921875 0.47708333333333336 0.0859375 0.11770833333333333
2 0.4921875 0.38125 0.059375 0.06666666666666667
2 0.33125 0.4322916666666667 0.04453125 0.07604166666666666
2 0.234375 0.5135416666666667 0.0375 0.053125
3 0.0234375 0.6375 0.04375 0.11875
3 0.371875 0.08020833333333334 0.04921875 0.05