2 0.378125 0.503125 0.0421875 0.04791666666666667
2 0.41796875 0.6125 0.03515625 0.051041666666666666
2 0.65859375 0.24791666666666667 0.03203125 0.04375
2 0.828125 0.240625 0.0453125 0.05416666666666667
2 0.6828125 0.4041666666666667 0.046875 0.07083333333333333
2 0.42109375 0.74375 0.05 0.06979166666666667
2 0.5203125 0.6166666666666667 0.0359375 0.0625
2 0.46796875 0.659375 0.04453125 0.071875
2 0.50703125 0.4875 0.03515625 0.057291666666666664
2 0.615625 0.4552083333333333 0.03828125 0.06979166666666667
2 0.87421875 0.6947916666666667 0.0765625 0.1
2 0.78984375 0.8208333333333333 0.06171875 0.12395833333333334
2 0.73515625 0.8489583333333334 0.06796875 0.11354166666666667
2 0.4734375 0.43125 0.02890625 0.04583333333333333