2 0.79296875 0.28854166666666664 0.08125 0.09375
2 0.14296875 0.24583333333333332 0.053125 0.058333333333333334
2 0.38984375 0.15625 0.06875 0.078125
2 0.2875 0.23958333333333334 0.075 0.1
2 0.028125 0.5229166666666667 0.05234375 0.1
2 0.6234375 0.6020833333333333 0.12421875 0.17708333333333334
2 0.60234375 0.23125 0.08828125 0.12604166666666666
2 0.8671875 0.17916666666666667 0.1078125 0.13229166666666667
2 0.91875 0.08541666666666667 0.11796875 0.1
2 0.334375 0.175 0.028125 0.041666666666666664
2 0.90859375 0.2916666666666667 0.05703125 0.0625
2 0.85390625 0.2635416666666667 0.0515625 0.041666666666666664
2 0.734375 0.21979166666666666 0.0703125 0.07604166666666666