2 0.83359375 0.21875 0.03515625 0.046875
1 0.5234375 0.8072916666666666 0.1203125 0.1
2 0.596875 0.9520833333333333 0.08984375 0.09583333333333334
2 0.41328125 0.8666666666666667 0.065625 0.12395833333333334
2 0.54453125 0.890625 0.09296875 0.12291666666666666
2 0.9046875 0.95 0.11015625 0.1
2 0.959375 0.7677083333333333 0.08125 0.12708333333333333
2 0.85546875 0.396875 0.0484375 0.051041666666666666
2 0.8578125 0.4354166666666667 0.0390625 0.041666666666666664
2 0.84765625 0.46145833333333336 0.0375 0.053125
2 0.66875 0.26458333333333334 0.04140625 0.04583333333333333
2 0.70859375 0.2520833333333333 0.0359375 0.05
2 0.68828125 0.49375 0.0578125 0.07708333333333334
2 0.71875 0.609375 0.05 0.06979166666666667
2 0.75390625 0.8020833333333334 0.084375 0.08958333333333333
2 0.65390625 0.628125 0.06484375 0.10833333333333334
2 0.57109375 0.5447916666666667 0.04921875 0.084375
2 0.528125 0.5833333333333334 0.05 0.08854166666666667
2 0.57890625 0.3927083333333333 0.04921875 0.08958333333333333
2 0.3234375 0.43020833333333336 0.04375 0.06354166666666666
2 0.2875 0.465625 0.04609375 0.06041666666666667
2 0.171875 0.428125 0.0421875 0.059375
2 0.05078125 0.5697916666666667 0.0515625 0.065625
2 0.0859375 0.6239583333333333 0.0578125 0.08229166666666667
2 0.1078125 0.37395833333333334 0.0453125 0.071875