2 0.89375 0.175 0.03515625 0.06979166666666667
2 0.73359375 0.13125 0.0328125 0.040625
2 0.57421875 0.4 0.03359375 0.0375
2 0.925 0.4395833333333333 0.06796875 0.058333333333333334
2 0.30625 0.5979166666666667 0.0234375 0.04479166666666667
2 0.29765625 0.6395833333333333 0.0296875 0.05625
2 0.16171875 0.6479166666666667 0.02578125 0.03125
3 0.453125 0.3614583333333333 0.034375 0.041666666666666664
3 0.39296875 0.45416666666666666 0.04375 0.08020833333333334
3 0.440625 0.4708333333333333 0.05390625 0.08020833333333334
3 0.39375 0.5875 0.05546875 0.090625
3 0.271875 0.63125 0.04296875 0.06354166666666666
1 0.234375 0.6010416666666667 0.02890625 0.058333333333333334
0 0.96640625 0.23020833333333332 0.06328125 0.09166666666666666
0 0.92890625 0.165625 0.05625 0.115625
3 0.8171875 0.4010416666666667 0.12421875 0.09479166666666666
3 0.94921875 0.9208333333333333 0.1015625 0.15833333333333333
3 0.4984375 0.7947916666666667 0.121875 0.23333333333333334