2 0.9640625 0.5489583333333333 0.06171875 0.053125
3 0.92421875 0.42916666666666664 0.08203125 0.08229166666666667
2 0.8875 0.6 0.05546875 0.0625
2 0.82109375 0.6125 0.071875 0.08333333333333333
2 0.89140625 0.884375 0.06875 0.12395833333333334
2 0.821875 0.79375 0.034375 0.0375
2 0.5078125 0.6604166666666667 0.03125 0.034375
2 0.10859375 0.3375 0.03046875 0.05416666666666667
2 0.440625 0.5208333333333334 0.04375 0.051041666666666666
2 0.7734375 0.8166666666666667 0.0671875 0.09895833333333333
2 0.71328125 0.64375 0.05078125 0.05520833333333333
2 0.7578125 0.6510416666666666 0.02578125 0.025