0 0.23828125 0.38645833333333335 0.06796875 0.08125
0 0.1609375 0.371875 0.053125 0.071875
0 0.18671875 0.41458333333333336 0.059375 0.06875
0 0.28671875 0.44166666666666665 0.1015625 0.09895833333333333
0 0.20546875 0.49375 0.05859375 0.08854166666666667
0 0.159375 0.490625 0.06796875 0.08645833333333333
0 0.12265625 0.5479166666666667 0.065625 0.09375
0 0.4796875 0.28229166666666666 0.059375 0.06145833333333333
2 0.48359375 0.3260416666666667 0.05859375 0.05416666666666667
1 0.43828125 0.478125 0.07890625 0.13125
1 0.49296875 0.39791666666666664 0.05859375 0.08854166666666667
1 0.553125 0.3375 0.05390625 0.08645833333333333
1 0.5734375 0.3885416666666667 0.05546875 0.10104166666666667
1 0.52890625 0.44583333333333336 0.0640625 0.09583333333333334
1 0.4828125 0.5114583333333333 0.06796875 0.09895833333333333
1 0.55625 0.5395833333333333 0.07109375 0.11145833333333334
1 0.50078125 0.5791666666666667 0.07890625 0.13541666666666666
1 0.80546875 0.24895833333333334 0.075 0.07395833333333333
0 0.753125 0.271875 0.065625 0.11875
0 0.6578125 0.3802083333333333 0.07109375 0.09375
0 0.753125 0.43854166666666666 0.09140625 0.12083333333333333
0 0.675 0.4375 0.075 0.11875
0 0.74765625 0.5447916666666667 0.07890625 0.15104166666666666
0 0.80234375 0.49895833333333334 0.06796875 0.128125
0 0.846875 0.40520833333333334 0.0765625 0.128125
0 0.93515625 0.39791666666666664 0.0734375 0.128125
0 0.98671875 0.2916666666666667 0.0265625 0.10833333333333334
0 0.66484375 0.5854166666666667 0.084375 0.14791666666666667
0 0.81875 0.6020833333333333 0.0984375 0.178125
0 0.9203125 0.56875 0.0984375 0.17083333333333334
0 0.9 0.66875 0.103125 0.19270833333333334
0 0.98203125 0.5958333333333333 0.0359375 0.190625
0 0.75625 0.675 0.084375 0.15104166666666666
0 0.671875 0.709375 0.1015625 0.19479166666666667
0 0.978125 0.784375 0.04296875 0.16041666666666668
2 0.90625 0.7791666666666667 0.1265625 0.18020833333333333
2 0.984375 0.9270833333333334 0.03046875 0.14583333333333334
2 0.38515625 0.6020833333333333 0.0984375 0.12395833333333334
0 0.31171875 0.6020833333333333 0.08203125 0.12395833333333334
1 0.32109375 0.49583333333333335 0.1359375 0.084375
1 0.30546875 0.540625 0.09453125 0.07916666666666666
0 0.2828125 0.6875 0.090625 0.13541666666666666
0 0.26796875 0.7947916666666667 0.11640625 0.153125
1 0.49375 0.690625 0.19609375 0.115625
0 0.23828125 0.5708333333333333 0.05703125 0.10833333333333334
0 0.17890625 0.5875 0.0609375 0.09375
0 0.0609375 0.5541666666666667 0.0609375 0.08125
0 0.025 0.484375 0.046875 0.10833333333333334
0 0.11484375 0.6572916666666667 0.084375 0.14270833333333333
0 0.0359375 0.684375 0.06953125 0.13333333333333333
0 0.04296875 0.8197916666666667 0.08359375 0.17291666666666666
0 0.546875 0.7760416666666666 0.146875 0.209375
1 0.609375 0.7375 0.078125 0.27395833333333336
1 0.3546875 0.8895833333333333 0.128125 0.22083333333333333
1 0.284375 0.9072916666666667 0.121875 0.115625
1 0.69765625 0.9395833333333333 0.1734375 0.12083333333333333
1 0.553125 0.8947916666666667 0.1359375 0.10104166666666667
1 0.40546875 0.9635416666666666 0.1015625 0.07291666666666667
0 0.12734375 0.9302083333333333 0.1484375 0.13958333333333334
0 0.63203125 0.9614583333333333 0.103125 0.07604166666666666
0 0.521875 0.9520833333333333 0.11953125 0.09583333333333334