2 0.62421875 0.571875 0.0578125 0.08958333333333333
2 0.7078125 0.5739583333333333 0.06171875 0.08541666666666667
2 0.65234375 0.5166666666666667 0.0734375 0.09166666666666666
2 0.715625 0.49583333333333335 0.08046875 0.09583333333333334
2 0.92421875 0.22083333333333333 0.04609375 0.07083333333333333
2 0.85390625 0.2625 0.0703125 0.06666666666666667
2 0.815625 0.3333333333333333 0.06484375 0.0875
2 0.88828125 0.38229166666666664 0.0734375 0.07708333333333334
2 0.959375 0.35 0.06484375 0.0875
2 0.9796875 0.4083333333333333 0.040625 0.07916666666666666
2 0.6 0.39375 0.059375 0.08333333333333333
2 0.6 0.46458333333333335 0.059375 0.08333333333333333
2 0.709375 0.65625 0.0703125 0.1
2 0.66875 0.7875 0.078125 0.1125
2 0.521875 0.525 0.0578125 0.0875
2 0.8421875 0.68125 0.06640625 0.09166666666666666
2 0.97421875 0.6885416666666667 0.0515625 0.09375
2 0.978125 0.8072916666666666 0.04375 0.10625
2 0.24765625 0.7291666666666666 0.078125 0.1125
0 0.20390625 0.2375 0.0703125 0.0875