0 0.58515625 0.13645833333333332 0.065625 0.09166666666666666
0 0.7203125 0.16041666666666668 0.08515625 0.10625
0 0.65546875 0.2 0.0921875 0.11666666666666667
0 0.7296875 0.2625 0.078125 0.10208333333333333
0 0.80703125 0.16145833333333334 0.0765625 0.10729166666666666
0 0.8171875 0.27708333333333335 0.05546875 0.06770833333333333
0 0.8078125 0.35104166666666664 0.0609375 0.06979166666666667
0 0.8859375 0.37604166666666666 0.08671875 0.1125
0 0.94140625 0.44583333333333336 0.09375 0.11145833333333334
0 0.9 0.19895833333333332 0.08984375 0.13020833333333334
0 0.96953125 0.27708333333333335 0.0609375 0.10625
0 0.5078125 0.60625 0.10390625 0.13020833333333334
3 0.6140625 0.478125 0.10625 0.12708333333333333
3 0.23203125 0.7 0.1265625 0.18020833333333333