0 0.2953125 0.2833333333333333 0.078125 0.09166666666666666
0 0.29453125 0.2125 0.04296875 0.05
0 0.53515625 0.3697916666666667 0.08046875 0.10208333333333333
0 0.57734375 0.265625 0.0703125 0.08958333333333333
0 0.63203125 0.10833333333333334 0.08359375 0.1125
0 0.52109375 0.03854166666666667 0.0703125 0.07291666666666667
0 0.44140625 0.025 0.059375 0.04583333333333333
0 0.07109375 0.5802083333333333 0.12421875 0.10625
0 0.2203125 0.7645833333333333 0.078125 0.15
0 0.91953125 0.35833333333333334 0.12265625 0.1625
0 0.671875 0.409375 0.12109375 0.16875
0 0.75234375 0.553125 0.11640625 0.16041666666666668
0 0.8671875 0.6635416666666667 0.109375 0.14375