0 0.378125 0.37916666666666665 0.06640625 0.0875
0 0.36875 0.44895833333333335 0.06484375 0.08541666666666667
0 0.290625 0.5229166666666667 0.05625 0.041666666666666664
0 0.3609375 0.54375 0.0765625 0.058333333333333334
0 0.46953125 0.4427083333333333 0.0890625 0.10625
0 0.49296875 0.5583333333333333 0.0921875 0.10416666666666667
0 0.44765625 0.584375 0.08359375 0.07708333333333334
0 0.5328125 0.684375 0.0921875 0.11458333333333333
0 0.5 0.8052083333333333 0.06796875 0.08958333333333333
0 0.5578125 0.23541666666666666 0.06796875 0.075
0 0.3765625 0.7208333333333333 0.11796875 0.15416666666666667
0 0.1703125 0.70625 0.0890625 0.1125
0 0.03828125 0.7333333333333333 0.059375 0.07916666666666666
0 0.03046875 0.615625 0.0578125 0.06458333333333334
0 0.021875 0.31666666666666665 0.040625 0.11666666666666667