0 0.903125 0.54375 0.08203125 0.1125
0 0.89921875 0.6927083333333334 0.08515625 0.07291666666666667
0 0.39609375 0.7416666666666667 0.090625 0.10625
0 0.48203125 0.65 0.08359375 0.11666666666666667
0 0.534375 0.22916666666666666 0.07109375 0.0625
0 0.40703125 0.29791666666666666 0.10078125 0.09583333333333334
0 0.18984375 0.5854166666666667 0.075 0.15104166666666666
0 0.2625 0.425 0.07109375 0.11145833333333334
0 0.31171875 0.346875 0.08359375 0.10416666666666667
0 0.03359375 0.5291666666666667 0.0609375 0.11458333333333333
0 0.0546875 0.3416666666666667 0.10625 0.08645833333333333