2 0.184375 0.7125 0.09609375 0.12604166666666666
1 0.64609375 0.934375 0.1359375 0.13125
1 0.47265625 0.8197916666666667 0.1265625 0.271875
1 0.63515625 0.728125 0.209375 0.3854166666666667
0 0.52578125 0.6802083333333333 0.140625 0.24895833333333334
0 0.29609375 0.8875 0.146875 0.225
0 0.33046875 0.73125 0.16640625 0.20729166666666668
0 0.79296875 0.46145833333333336 0.125 0.2125
1 0.16796875 0.9177083333333333 0.14140625 0.16041666666666668
1 0.16171875 0.8354166666666667 0.140625 0.18020833333333333
0 0.934375 0.24791666666666667 0.08203125 0.13541666666666666
1 0.9640625 0.33958333333333335 0.071875 0.19479166666666667
1 0.90703125 0.45416666666666666 0.171875 0.221875
0 0.73359375 0.353125 0.103125 0.13333333333333333
1 0.8359375 0.30833333333333335 0.146875 0.11875
0 0.859375 0.25729166666666664 0.07890625 0.10416666666666667
1 0.68671875 0.26145833333333335 0.10390625 0.10833333333333334
1 0.63046875 0.25104166666666666 0.06640625 0.09166666666666666
0 0.60390625 0.22604166666666667 0.06953125 0.11145833333333334
1 0.778125 0.25416666666666665 0.10703125 0.084375
2 0.05234375 0.6177083333333333 0.09609375 0.09375
1 0.03671875 0.7177083333333333 0.07109375 0.12083333333333333
1 0.13671875 0.6979166666666666 0.159375 0.18541666666666667
1 0.309375 0.521875 0.0890625 0.175
0 0.38125 0.4875 0.090625 0.175
0 0.42265625 0.278125 0.065625 0.09166666666666666
1 0.44765625 0.3385416666666667 0.065625 0.11354166666666667
0 0.515625 0.14791666666666667 0.05 0.07916666666666666
0 0.66953125 0.12604166666666666 0.078125 0.08854166666666667
0 0.76484375 0.10625 0.06796875 0.08854166666666667
0 0.82734375 0.15104166666666666 0.0765625 0.08854166666666667
0 0.4046875 0.16770833333333332 0.0484375 0.09375
0 0.26171875 0.37395833333333334 0.05703125 0.08645833333333333
0 0.328125 0.309375 0.07109375 0.08125
1 0.28984375 0.3854166666666667 0.090625 0.12395833333333334
1 0.190625 0.5916666666666667 0.096875 0.11145833333333334
0 0.12734375 0.5625 0.090625 0.13854166666666667
0 0.17890625 0.5135416666666667 0.08359375 0.13333333333333333
0 0.03515625 0.5645833333333333 0.06796875 0.165625
1 0.5296875 0.30833333333333335 0.07109375 0.06458333333333334
1 0.653125 0.43125 0.128125 0.234375
1 0.6234375 0.48020833333333335 0.0640625 0.20520833333333333
1 0.559375 0.44166666666666665 0.071875 0.24166666666666667