0 0.74609375 0.7927083333333333 0.05703125 0.09166666666666666
0 0.67578125 0.6385416666666667 0.06796875 0.090625
0 0.59296875 0.6666666666666666 0.05234375 0.07291666666666667
0 0.5421875 0.7364583333333333 0.06953125 0.10104166666666667
0 0.53046875 0.9395833333333333 0.08671875 0.109375
0 0.81484375 0.9364583333333333 0.08125 0.12708333333333333
0 0.3359375 0.665625 0.06953125 0.09895833333333333
0 0.40859375 0.325 0.05234375 0.096875
0 0.325 0.21770833333333334 0.0625 0.057291666666666664
0 0.109375 0.38229166666666664 0.05390625 0.10729166666666666
0 0.10078125 0.503125 0.0625 0.10104166666666667
0 0.12578125 0.609375 0.0609375 0.090625
0 0.16328125 0.6791666666666667 0.059375 0.08541666666666667