0 0.26953125 0.20625 0.0765625 0.10729166666666666
0 0.1984375 0.20625 0.06640625 0.07604166666666666
0 0.20390625 0.057291666666666664 0.05546875 0.10104166666666667
0 0.02578125 0.10520833333333333 0.0484375 0.046875
0 0.10390625 0.13020833333333334 0.05703125 0.0625
0 0.09921875 0.21354166666666666 0.059375 0.07291666666666667
0 0.18046875 0.29270833333333335 0.05703125 0.09166666666666666
0 0.1828125 0.38333333333333336 0.06953125 0.08020833333333334
0 0.10625 0.315625 0.05703125 0.08645833333333333
0 0.04765625 0.3729166666666667 0.06953125 0.10208333333333333
0 0.10625 0.446875 0.05390625 0.08125
0 0.59375 0.025 0.08203125 0.046875
0 0.62265625 0.08854166666666667 0.06953125 0.090625
0 0.80859375 0.4979166666666667 0.07421875 0.09583333333333334
0 0.8921875 0.39895833333333336 0.09921875 0.13229166666666667
3 0.2875 0.7322916666666667 0.0953125 0.15625