0 0.95703125 0.4239583333333333 0.06171875 0.08541666666666667
0 0.90390625 0.396875 0.053125 0.08958333333333333
0 0.85859375 0.3572916666666667 0.04453125 0.07291666666666667
0 0.8125 0.31875 0.0546875 0.075
0 0.8625 0.15625 0.04921875 0.0625
0 0.9359375 0.14895833333333333 0.053125 0.06875
0 0.36171875 0.684375 0.06171875 0.08125
0 0.378125 0.7635416666666667 0.05625 0.08958333333333333
0 0.4625 0.434375 0.0515625 0.07291666666666667
0 0.5921875 0.6927083333333334 0.0578125 0.08541666666666667
0 0.640625 0.678125 0.06640625 0.09375
0 0.56171875 0.7760416666666666 0.075 0.08958333333333333
0 0.528125 0.45729166666666665 0.0703125 0.08541666666666667
0 0.4703125 0.2677083333333333 0.04921875 0.07708333333333334
0 0.51328125 0.18645833333333334 0.071875 0.09375
0 0.8375 0.93125 0.071875 0.0875
0 0.91875 0.946875 0.090625 0.09375
0 0.94140625 0.8145833333333333 0.08671875 0.11666666666666667
0 0.9640625 0.7041666666666667 0.071875 0.125
0 0.9 0.534375 0.06640625 0.08958333333333333
0 0.753125 0.4625 0.090625 0.10416666666666667
0 0.7578125 0.5822916666666667 0.10546875 0.12291666666666666
0 0.77109375 0.23541666666666666 0.06171875 0.09583333333333334
0 0.86875 0.21770833333333334 0.078125 0.09375