0 0.62578125 0.42604166666666665 0.06640625 0.052083333333333336
0 0.584375 0.22916666666666666 0.05625 0.0625
0 0.5078125 0.16458333333333333 0.0390625 0.04583333333333333
0 0.47421875 0.16979166666666667 0.040625 0.052083333333333336
0 0.71015625 0.30833333333333335 0.0515625 0.05416666666666667
0 0.7140625 0.17916666666666667 0.04609375 0.0625
0 0.7828125 0.22604166666666667 0.0390625 0.035416666666666666
0 0.77890625 0.27395833333333336 0.05625 0.052083333333333336
0 0.5890625 0.29791666666666666 0.04453125 0.05416666666666667
0 0.94609375 0.45416666666666666 0.06328125 0.07083333333333333
0 0.92421875 0.415625 0.05625 0.06458333333333334
0 0.9671875 0.40208333333333335 0.04765625 0.0625
0 0.79921875 0.11770833333333333 0.0390625 0.06458333333333334
0 0.87890625 0.21770833333333334 0.040625 0.06875
0 0.5328125 0.490625 0.0578125 0.08125
0 0.72734375 0.42604166666666665 0.040625 0.04791666666666667
0 0.36875 0.4635416666666667 0.04453125 0.07291666666666667
0 0.3578125 0.39791666666666664 0.05625 0.058333333333333334
0 0.35078125 0.32708333333333334 0.04609375 0.06666666666666667
0 0.33046875 0.26979166666666665 0.053125 0.052083333333333336
0 0.2 0.240625 0.0375 0.052083333333333336
0 0.178125 0.2125 0.0390625 0.04583333333333333
0 0.9765625 0.14479166666666668 0.046875 0.06458333333333334
0 0.86796875 0.2708333333333333 0.053125 0.05
0 0.96171875 0.29791666666666666 0.05625 0.0625
0 0.5 0.5625 0.040625 0.0625
0 0.7703125 0.5989583333333334 0.05625 0.07291666666666667
0 0.83671875 0.6458333333333334 0.053125 0.06666666666666667
0 0.921875 0.6708333333333333 0.0578125 0.06666666666666667
0 0.9265625 0.7166666666666667 0.06484375 0.075
0 0.9578125 0.68125 0.04296875 0.06666666666666667
0 0.49765625 0.6979166666666666 0.059375 0.075
0 0.66640625 0.7239583333333334 0.05625 0.06875
0 0.715625 0.778125 0.0703125 0.08958333333333333
0 0.7234375 0.865625 0.078125 0.08958333333333333
0 0.81484375 0.83125 0.059375 0.07916666666666666
0 0.8671875 0.928125 0.071875 0.08958333333333333
0 0.55390625 0.71875 0.04921875 0.07083333333333333
0 0.43125 0.903125 0.059375 0.06041666666666667