0 0.0921875 0.21354166666666666 0.09921875 0.10729166666666666
0 0.16796875 0.3458333333333333 0.08671875 0.10625
0 0.1859375 0.7697916666666667 0.1078125 0.109375
0 0.17578125 0.8770833333333333 0.07109375 0.090625
0 0.52734375 0.6947916666666667 0.1234375 0.11770833333333333
0 0.6578125 0.765625 0.11328125 0.10104166666666667
0 0.72421875 0.6666666666666666 0.1078125 0.14583333333333334
0 0.82421875 0.7729166666666667 0.11796875 0.14270833333333333
0 0.7859375 0.828125 0.12890625 0.153125
0 0.95625 0.959375 0.0875 0.07708333333333334
0 0.7359375 0.5229166666666667 0.09375 0.13229166666666667
0 0.08515625 0.9104166666666667 0.096875 0.09166666666666666
3 0.525 0.4197916666666667 0.10625 0.13854166666666667