0 0.6734375 0.81875 0.04921875 0.0625
0 0.72265625 0.809375 0.05625 0.06458333333333334
0 0.9265625 0.6114583333333333 0.04765625 0.07291666666666667
0 0.97109375 0.43333333333333335 0.04765625 0.07916666666666666
0 0.8234375 0.446875 0.0390625 0.04375
0 0.78671875 0.49166666666666664 0.040625 0.05
0 0.75234375 0.53125 0.0375 0.05
0 0.76484375 0.5489583333333333 0.0375 0.04791666666666667
0 0.71484375 0.565625 0.04765625 0.04375
0 0.64296875 0.6354166666666666 0.04765625 0.05
0 0.609375 0.6677083333333333 0.040625 0.04375
0 0.58125 0.7322916666666667 0.05625 0.07291666666666667
3 0.5296875 0.8333333333333334 0.05625 0.07916666666666666
3 0.5953125 0.55625 0.075 0.0875