0 0.88828125 0.3177083333333333 0.06328125 0.06875
0 0.92578125 0.365625 0.053125 0.06458333333333334
0 0.834375 0.2708333333333333 0.071875 0.0875
0 0.77734375 0.18541666666666667 0.059375 0.1
0 0.6765625 0.8822916666666667 0.08046875 0.09375
0 0.8609375 0.9125 0.09375 0.1125
0 0.94375 0.9322916666666666 0.0953125 0.11875
0 0.95859375 0.7729166666666667 0.0828125 0.125
0 0.9734375 0.6385416666666667 0.053125 0.11458333333333333
0 0.971875 0.5302083333333333 0.0359375 0.08125
0 0.91796875 0.475 0.075 0.10833333333333334
0 0.77109375 0.5197916666666667 0.11953125 0.13958333333333334
0 0.56484375 0.74375 0.075 0.09583333333333334
0 0.59765625 0.6552083333333333 0.06796875 0.09375
0 0.76875 0.403125 0.09375 0.11041666666666666
0 0.509375 0.146875 0.0734375 0.09375
0 0.465625 0.21979166666666666 0.04765625 0.10625
0 0.52578125 0.4166666666666667 0.06484375 0.10416666666666667
0 0.4609375 0.3875 0.0546875 0.08333333333333333
0 0.3515625 0.6416666666666667 0.0546875 0.07083333333333333
0 0.37109375 0.7302083333333333 0.08046875 0.10208333333333333
0 0.9609375 0.09791666666666667 0.071875 0.07916666666666666
0 0.86875 0.11354166666666667 0.06484375 0.07708333333333334
0 0.90078125 0.165625 0.06484375 0.08125