0 0.0515625 0.17083333333333334 0.06171875 0.0625
0 0.0515625 0.11770833333333333 0.0578125 0.06041666666666667
0 0.159375 0.08854166666666667 0.04609375 0.052083333333333336
0 0.10234375 0.96875 0.06796875 0.058333333333333334
0 0.09140625 0.89375 0.06640625 0.0875
0 0.0703125 0.7572916666666667 0.075 0.08958333333333333
0 0.03984375 0.665625 0.05625 0.07708333333333334
0 0.64296875 0.721875 0.06171875 0.07708333333333334
0 0.3703125 0.8489583333333334 0.04765625 0.06875
0 0.34921875 0.80625 0.059375 0.075
0 0.44296875 0.6635416666666667 0.0734375 0.08541666666666667
0 0.45703125 0.475 0.06484375 0.0875
0 0.3484375 0.7427083333333333 0.078125 0.08958333333333333
0 0.37734375 0.6104166666666667 0.06171875 0.10833333333333334
0 0.253125 0.428125 0.05625 0.08125
0 0.2109375 0.41875 0.053125 0.041666666666666664
0 0.26328125 0.49895833333333334 0.0734375 0.07708333333333334
0 0.3234375 0.5145833333333333 0.0765625 0.075
0 0.37578125 0.453125 0.071875 0.08541666666666667
0 0.28984375 0.41041666666666665 0.0515625 0.06666666666666667
0 0.70546875 0.634375 0.06640625 0.08125
0 0.65078125 0.5739583333333333 0.05625 0.07291666666666667
0 0.65703125 0.390625 0.06171875 0.09791666666666667
0 0.62890625 0.328125 0.04609375 0.07291666666666667
0 0.97734375 0.6260416666666667 0.0453125 0.07291666666666667
0 0.92734375 0.5802083333333333 0.06328125 0.08125
0 0.9265625 0.4322916666666667 0.06171875 0.08541666666666667
0 0.79296875 0.22395833333333334 0.04609375 0.08125
0 0.8609375 0.43645833333333334 0.053125 0.08541666666666667
0 0.44609375 0.16041666666666668 0.059375 0.07083333333333333
0 0.40078125 0.30833333333333335 0.0546875 0.0875
0 0.328125 0.052083333333333336 0.04921875 0.041666666666666664
0 0.36796875 0.11145833333333334 0.0359375 0.08958333333333333
0 0.37890625 0.19583333333333333 0.04453125 0.08333333333333333
0 0.7609375 0.5479166666666667 0.06171875 0.09583333333333334