0 0.7625 0.14479166666666668 0.10546875 0.11041666666666666
0 0.95078125 0.20729166666666668 0.0984375 0.13125
0 0.975 0.565625 0.04921875 0.14375
0 0.97109375 0.784375 0.0578125 0.15208333333333332
0 0.88984375 0.7625 0.11796875 0.17083333333333334
0 0.7625 0.7197916666666667 0.003125 0.0020833333333333333
0 0.74765625 0.8572916666666667 0.0921875 0.10625
0 0.6671875 0.7583333333333333 0.10234375 0.15833333333333333
0 0.6203125 0.4375 0.0734375 0.12083333333333333
0 0.5671875 0.5197916666666667 0.06640625 0.11458333333333333
0 0.5328125 0.6114583333333333 0.075 0.12291666666666666
0 0.49375 0.25 0.0765625 0.09583333333333334
0 0.42265625 0.23125 0.053125 0.08333333333333333
0 0.3 0.5854166666666667 0.078125 0.10833333333333334
0 0.2875 0.48854166666666665 0.06328125 0.07708333333333334
0 0.77265625 0.259375 0.1296875 0.16458333333333333