1 0.565625 0.284375 0.040625 0.128125
2 0.16484375 0.478125 0.0734375 0.11145833333333334
0 0.85625 0.859375 0.22890625 0.28125
0 0.88359375 0.684375 0.16953125 0.25729166666666664
1 0.778125 0.6020833333333333 0.10546875 0.09375
1 0.79453125 0.5489583333333333 0.25 0.15520833333333334
1 0.6296875 0.546875 0.15703125 0.115625
2 0.734375 0.715625 0.14296875 0.2375
2 0.60625 0.61875 0.1265625 0.18020833333333333
1 0.1515625 0.9364583333333333 0.228125 0.12708333333333333
0 0.7484375 0.4395833333333333 0.1109375 0.153125
0 0.853125 0.434375 0.11796875 0.19270833333333334
2 0.79453125 0.33958333333333335 0.10859375 0.09166666666666666
1 0.78046875 0.29583333333333334 0.08046875 0.14270833333333333
1 0.9203125 0.24895833333333334 0.14609375 0.14270833333333333
1 0.8328125 0.159375 0.1265625 0.11145833333333334
2 0.6546875 0.4010416666666667 0.13203125 0.12083333333333333
0 0.6296875 0.33541666666666664 0.0875 0.13333333333333333
0 0.73046875 0.178125 0.08359375 0.153125
0 0.05703125 0.8520833333333333 0.10859375 0.221875
2 0.0703125 0.6979166666666666 0.10390625 0.20520833333333333
0 0.028125 0.6041666666666666 0.053125 0.10625
0 0.17734375 0.6 0.09609375 0.13854166666666667
0 0.48828125 0.571875 0.1125 0.18541666666666667
0 0.378125 0.525 0.0859375 0.15520833333333334
1 0.38359375 0.415625 0.075 0.07604166666666666
1 0.321875 0.4239583333333333 0.06640625 0.12083333333333333
0 0.425 0.3875 0.078125 0.11875
2 0.265625 0.5510416666666667 0.0875 0.14791666666666667
2 0.084375 0.521875 0.0875 0.115625
0 0.04921875 0.4552083333333333 0.065625 0.115625
0 0.25234375 0.4114583333333333 0.06796875 0.09583333333333334
0 0.203125 0.33125 0.0640625 0.07916666666666666
1 0.446875 0.28541666666666665 0.090625 0.08645833333333333
1 0.44453125 0.23125 0.096875 0.07604166666666666
0 0.53359375 0.23958333333333334 0.096875 0.1625
2 0.73046875 0.0375 0.075 0.06875
0 0.6328125 0.165625 0.0515625 0.08854166666666667
0 0.28046875 0.30416666666666664 0.0640625 0.10833333333333334
2 0.203125 0.79375 0.140625 0.209375
0 0.509375 0.078125 0.04296875 0.09583333333333334