0 0.175 0.915625 0.05703125 0.078125
0 0.28828125 0.675 0.0484375 0.08541666666666667
0 0.39140625 0.6270833333333333 0.0640625 0.06770833333333333
0 0.4203125 0.503125 0.05703125 0.08020833333333334
0 0.36015625 0.51875 0.05234375 0.0625
0 0.57890625 0.4083333333333333 0.04140625 0.0625
0 0.56328125 0.48333333333333334 0.03828125 0.06041666666666667
0 0.546875 0.5364583333333334 0.03125 0.06979166666666667
0 0.50703125 0.7 0.05078125 0.0625
0 0.6484375 0.5947916666666667 0.0640625 0.08125
0 0.66796875 0.81875 0.06640625 0.078125
0 0.61796875 0.8354166666666667 0.065625 0.09583333333333334
0 0.915625 0.8208333333333333 0.06640625 0.09583333333333334
0 0.7875 0.7083333333333334 0.05234375 0.065625
0 0.87109375 0.6125 0.05078125 0.06979166666666667
0 0.73046875 0.4875 0.06640625 0.09895833333333333
0 0.7734375 0.3729166666666667 0.0609375 0.08125
0 0.79375 0.49583333333333335 0.0453125 0.08854166666666667
0 0.42734375 0.16354166666666667 0.05703125 0.07291666666666667
0 0.3 0.10729166666666666 0.0625 0.059375
0 0.51171875 0.18958333333333333 0.05 0.06979166666666667
0 0.525 0.09895833333333333 0.046875 0.05520833333333333
0 0.24375 0.030208333333333334 0.075 0.057291666666666664
0 0.690625 0.9145833333333333 0.128125 0.090625
0 0.19921875 0.7760416666666666 0.10625 0.11458333333333333