0 0.675 0.453125 0.08359375 0.09791666666666667
0 0.8828125 0.4114583333333333 0.06640625 0.08958333333333333
0 0.93125 0.346875 0.059375 0.07708333333333334
0 0.61171875 0.35625 0.059375 0.07916666666666666
0 0.60859375 0.275 0.04921875 0.075
0 0.53125 0.159375 0.0703125 0.08125
0 0.67421875 0.16666666666666666 0.0578125 0.07083333333333333
0 0.76953125 0.140625 0.0546875 0.06875
0 0.96171875 0.11875 0.04921875 0.06666666666666667
0 0.88515625 0.1875 0.06328125 0.07916666666666666
0 0.85 0.14479166666666668 0.08203125 0.08125