0 0.7765625 0.890625 0.10625 0.14583333333333334
0 0.7859375 0.5302083333333333 0.05859375 0.10208333333333333
0 0.659375 0.865625 0.1078125 0.16458333333333333
0 0.728125 0.7739583333333333 0.08359375 0.06979166666666667
0 0.54609375 0.79375 0.109375 0.10625
0 0.603125 0.6458333333333334 0.0921875 0.17395833333333333
0 0.59453125 0.41458333333333336 0.06953125 0.1125
0 0.64375 0.5145833333333333 0.07421875 0.12291666666666666
0 0.4203125 0.7552083333333334 0.15078125 0.11145833333333334
0 0.31015625 0.6125 0.08984375 0.17916666666666667
0 0.30625 0.3802083333333333 0.046875 0.07604166666666666
0 0.42578125 0.24375 0.08203125 0.09583333333333334
0 0.3140625 0.13125 0.07421875 0.10208333333333333
0 0.10078125 0.3229166666666667 0.07421875 0.10416666666666667
0 0.05703125 0.23020833333333332 0.0625 0.09583333333333334
0 0.08671875 0.16458333333333333 0.08203125 0.10729166666666666
0 0.1625 0.05 0.0609375 0.05520833333333333
0 0.23828125 0.11145833333333334 0.04375 0.08020833333333334
0 0.26171875 0.18854166666666666 0.0640625 0.10208333333333333