3 0.53203125 0.6645833333333333 0.0921875 0.11666666666666667
0 0.40859375 0.10833333333333334 0.05546875 0.075
0 0.371875 0.17395833333333333 0.05703125 0.08020833333333334
0 0.7765625 0.253125 0.0609375 0.08020833333333334
0 0.8734375 0.6239583333333333 0.05703125 0.07083333333333333
0 0.68828125 0.7552083333333334 0.07265625 0.10416666666666667
0 0.96875 0.8333333333333334 0.059375 0.10416666666666667
0 0.74375 0.9583333333333334 0.0921875 0.08333333333333333
0 0.67578125 0.8802083333333334 0.07265625 0.10104166666666667
0 0.2546875 0.63125 0.0640625 0.1125
0 0.178125 0.5208333333333334 0.08125 0.10416666666666667
0 0.12265625 0.690625 0.07265625 0.090625
0 0.63203125 0.475 0.10546875 0.12708333333333333