1 0.67265625 0.2125 0.0515625 0.11354166666666667
1 0.6671875 0.2916666666666667 0.09296875 0.07916666666666666
1 0.63515625 0.1125 0.06796875 0.10104166666666667
1 0.32734375 0.903125 0.0953125 0.19375
1 0.246875 0.6979166666666666 0.20859375 0.30833333333333335
1 0.175 0.6447916666666667 0.19453125 0.1875
1 0.8875 0.7791666666666667 0.225 0.31875
1 0.9015625 0.6364583333333333 0.196875 0.25625
1 0.88671875 0.5552083333333333 0.2265625 0.19270833333333334
1 0.6546875 0.37083333333333335 0.1765625 0.14791666666666667
1 0.87734375 0.4395833333333333 0.2453125 0.14166666666666666
1 0.70859375 0.6177083333333333 0.121875 0.35520833333333335
1 0.62421875 0.5677083333333334 0.10390625 0.2520833333333333
1 0.51796875 0.5947916666666667 0.2 0.24166666666666667
1 0.9359375 0.2375 0.128125 0.13333333333333333
1 0.91796875 0.11979166666666667 0.1359375 0.165625
1 0.578125 0.215625 0.078125 0.06666666666666667
1 0.56796875 0.18020833333333333 0.0859375 0.05416666666666667
1 0.51171875 0.38645833333333335 0.12109375 0.234375
1 0.41875 0.4270833333333333 0.15703125 0.2125
1 0.42578125 0.2708333333333333 0.14296875 0.16041666666666668
0 0.38828125 0.528125 0.134375 0.2520833333333333
0 0.334375 0.321875 0.0859375 0.16041666666666668
1 0.271875 0.384375 0.09453125 0.209375
1 0.2375 0.3020833333333333 0.125 0.12604166666666666
1 0.1875 0.20625 0.13046875 0.24895833333333334
1 0.440625 0.10520833333333333 0.146875 0.09583333333333334
0 0.25703125 0.19166666666666668 0.08046875 0.13125
0 0.21484375 0.09895833333333333 0.0625 0.084375
0 0.32421875 0.15729166666666666 0.07109375 0.115625
0 0.375 0.07083333333333333 0.0640625 0.10104166666666667
0 0.3734375 0.171875 0.0640625 0.115625
1 0.55625 0.06145833333333333 0.0625 0.11875
1 0.73359375 0.125 0.096875 0.17083333333333334
1 0.83984375 0.05520833333333333 0.14609375 0.10625
1 0.8296875 0.15833333333333333 0.084375 0.10833333333333334
1 0.04140625 0.5729166666666666 0.08046875 0.178125
2 0.11171875 0.4583333333333333 0.12890625 0.13541666666666666