0 0.8296875 0.190625 0.059375 0.09375
0 0.040625 0.5041666666666667 0.07890625 0.11354166666666667
0 0.07578125 0.4041666666666667 0.0734375 0.10104166666666667
0 0.13515625 0.334375 0.07890625 0.11145833333333334
0 0.18984375 0.3645833333333333 0.0765625 0.09583333333333334
0 0.1609375 0.490625 0.08046875 0.115625
1 0.24765625 0.378125 0.07890625 0.084375
0 0.25546875 0.4979166666666667 0.0640625 0.115625
2 0.3390625 0.6947916666666667 0.125 0.15104166666666666
0 0.3296875 0.42916666666666664 0.065625 0.13854166666666667
0 0.290625 0.33541666666666664 0.053125 0.06458333333333334
0 0.296875 0.2552083333333333 0.046875 0.08125
0 0.2390625 0.25104166666666666 0.05 0.071875
0 0.33984375 0.3020833333333333 0.0515625 0.08645833333333333
0 0.38515625 0.34270833333333334 0.059375 0.10416666666666667
0 0.38984375 0.434375 0.07109375 0.10833333333333334
0 0.42109375 0.21875 0.046875 0.07604166666666666
0 0.471875 0.18645833333333334 0.059375 0.071875
0 0.48125 0.25104166666666666 0.07109375 0.09166666666666666
0 0.44296875 0.309375 0.075 0.09583333333333334
1 0.51484375 0.19479166666666667 0.04296875 0.059375
0 0.46171875 0.39895833333333336 0.07890625 0.12083333333333333
0 0.52890625 0.09791666666666667 0.0359375 0.057291666666666664
2 0.55390625 0.115625 0.04453125 0.03958333333333333
0 0.71484375 0.13958333333333334 0.05390625 0.09166666666666666
0 0.6640625 0.12708333333333333 0.05 0.11145833333333334
0 0.60546875 0.15104166666666666 0.05859375 0.10416666666666667
0 0.58984375 0.225 0.05390625 0.09375
0 0.61015625 0.2552083333333333 0.05703125 0.09583333333333334
2 0.64453125 0.20104166666666667 0.0640625 0.06145833333333333
0 0.67578125 0.265625 0.0625 0.08645833333333333
0 0.66875 0.3333333333333333 0.06796875 0.10416666666666667
1 0.94375 0.33125 0.0875 0.11354166666666667
0 0.88984375 0.23854166666666668 0.0765625 0.13541666666666666
1 0.7984375 0.28020833333333334 0.10859375 0.15520833333333334
1 0.7265625 0.21145833333333333 0.11640625 0.071875
0 0.86875 0.3458333333333333 0.0875 0.153125
0 0.959375 0.221875 0.08046875 0.128125
0 0.04453125 0.6458333333333334 0.0859375 0.16041666666666668
1 0.76484375 0.384375 0.1015625 0.15520833333333334
1 0.7015625 0.409375 0.0890625 0.13333333333333333
0 0.76015625 0.521875 0.1234375 0.175
0 0.64453125 0.43333333333333335 0.0890625 0.18541666666666667
0 0.509375 0.4791666666666667 0.09609375 0.15833333333333333
1 0.575 0.44583333333333336 0.075 0.15104166666666666
1 0.1984375 0.5260416666666666 0.075 0.10416666666666667
0 0.209375 0.6395833333333333 0.071875 0.11875
0 0.171875 0.6875 0.07890625 0.13541666666666666
1 0.184375 0.78125 0.178125 0.26458333333333334
0 0.246875 0.784375 0.1109375 0.2
1 0.2890625 0.6052083333333333 0.0890625 0.14270833333333333
0 0.415625 0.8447916666666667 0.153125 0.2864583333333333
1 0.4859375 0.6333333333333333 0.175 0.13541666666666666
1 0.46484375 0.7625 0.15390625 0.22708333333333333
1 0.7359375 0.7177083333333333 0.121875 0.26875
0 0.21328125 0.95625 0.1421875 0.0875
0 0.609375 0.7666666666666667 0.146875 0.26875
0 0.62109375 0.9364583333333333 0.1921875 0.12708333333333333
0 0.9453125 0.6135416666666667 0.109375 0.28125