2 0.95703125 0.6385416666666667 0.0859375 0.28854166666666664
1 0.50546875 0.7479166666666667 0.21953125 0.35104166666666664
0 0.43515625 0.8125 0.234375 0.375
0 0.97421875 0.2989583333333333 0.0515625 0.23229166666666667
0 0.8625 0.37083333333333335 0.19140625 0.29583333333333334
0 0.040625 0.8135416666666667 0.07890625 0.34270833333333334
0 0.159375 0.859375 0.21953125 0.28125
1 0.3703125 0.35833333333333334 0.17890625 0.11875
1 0.2 0.4708333333333333 0.10859375 0.38229166666666664
0 0.29765625 0.45416666666666666 0.14609375 0.26145833333333335
0 0.39609375 0.240625 0.13359375 0.15520833333333334
2 0.478125 0.08541666666666667 0.1 0.10625
1 0.578125 0.06041666666666667 0.12109375 0.115625
1 0.68203125 0.04479166666666667 0.08359375 0.07916666666666666
0 0.6796875 0.20625 0.134375 0.18541666666666667
0 0.8515625 0.12604166666666666 0.171875 0.24166666666666667
2 0.040625 0.5395833333333333 0.078125 0.234375
2 0.090625 0.37604166666666666 0.1359375 0.15520833333333334
0 0.25859375 0.12395833333333334 0.08359375 0.14791666666666667