0 0.1203125 0.6979166666666666 0.159375 0.2989583333333333
0 0.2203125 0.6208333333333333 0.1515625 0.209375
0 0.246875 0.8135416666666667 0.2 0.3729166666666667
1 0.04140625 0.7875 0.075 0.425
0 0.2421875 0.44479166666666664 0.07890625 0.13333333333333333
1 0.303125 0.41354166666666664 0.0625 0.10625
0 0.2453125 0.3020833333333333 0.0875 0.14583333333333334
1 0.31953125 0.26458333333333334 0.071875 0.09375
0 0.32265625 0.19791666666666666 0.0765625 0.08854166666666667
0 0.23671875 0.14479166666666668 0.0734375 0.13125
0 0.4296875 0.7802083333333333 0.240625 0.4395833333333333
0 0.46328125 0.13333333333333333 0.059375 0.14270833333333333
0 0.50859375 0.18229166666666666 0.1109375 0.13333333333333333
0 0.546875 0.06770833333333333 0.1140625 0.13125
2 0.53515625 0.2916666666666667 0.1375 0.11875
0 0.62734375 0.16770833333333332 0.11796875 0.20208333333333334
0 0.57578125 0.49895833333333334 0.20703125 0.32083333333333336
0 0.64296875 0.725 0.25 0.4270833333333333
0 0.7875 0.28125 0.2140625 0.16770833333333332
1 0.79453125 0.63125 0.24453125 0.6541666666666667
2 0.86328125 0.471875 0.1125 0.25729166666666664
0 0.83984375 0.07395833333333333 0.159375 0.14270833333333333
1 0.91171875 0.10729166666666666 0.1375 0.209375
2 0.96171875 0.121875 0.0765625 0.225
0 0.9609375 0.440625 0.078125 0.3625