1 0.31328125 0.709375 0.115625 0.21458333333333332
1 0.76875 0.7958333333333333 0.43203125 0.40729166666666666
1 0.5125 0.803125 0.553125 0.39375
0 0.9578125 0.575 0.084375 0.2875
0 0.80703125 0.5625 0.21953125 0.2760416666666667
2 0.57421875 0.5760416666666667 0.215625 0.23958333333333334
2 0.721875 0.23958333333333334 0.1375 0.15833333333333333
2 0.8609375 0.21354166666666666 0.15546875 0.18020833333333333
2 0.90703125 0.14166666666666666 0.146875 0.15520833333333334
1 0.9359375 0.05416666666666667 0.128125 0.10416666666666667
2 0.8296875 0.04583333333333333 0.115625 0.08645833333333333
2 0.625 0.040625 0.1 0.07604166666666666
2 0.5765625 0.21770833333333334 0.125 0.13854166666666667
2 0.02734375 0.8854166666666666 0.0515625 0.22916666666666666
2 0.22265625 0.4010416666666667 0.1234375 0.175
1 0.365625 0.3572916666666667 0.21796875 0.234375
0 0.38515625 0.2791666666666667 0.12890625 0.14270833333333333
0 0.540625 0.36770833333333336 0.15546875 0.20729166666666668
2 0.4890625 0.13125 0.1140625 0.13854166666666667
2 0.3765625 0.171875 0.11953125 0.115625
2 0.39765625 0.029166666666666667 0.090625 0.05416666666666667
2 0.3859375 0.0875 0.096875 0.07604166666666666
1 0.26015625 0.14791666666666667 0.1625 0.128125
1 0.2234375 0.07604166666666666 0.0859375 0.08854166666666667
1 0.1296875 0.19895833333333332 0.0875 0.18541666666666667
2 0.0421875 0.19479166666666667 0.08203125 0.11875