0 0.1203125 0.11354166666666667 0.0625 0.084375
1 0.92890625 0.515625 0.11640625 0.33541666666666664
1 0.909375 0.284375 0.090625 0.10833333333333334
2 0.9640625 0.334375 0.071875 0.17083333333333334
2 0.9640625 0.48125 0.071875 0.1875
0 0.72421875 0.1 0.084375 0.11145833333333334
0 0.709375 0.1625 0.07890625 0.09375
0 0.91796875 0.19895833333333332 0.1390625 0.13541666666666666
0 0.78671875 0.2 0.10390625 0.12395833333333334
1 0.7078125 0.23229166666666667 0.134375 0.14270833333333333
0 0.8203125 0.3645833333333333 0.1125 0.19479166666666667
0 0.703125 0.321875 0.0984375 0.18541666666666667
1 0.609375 0.26458333333333334 0.096875 0.153125
1 0.64921875 0.3385416666666667 0.084375 0.19270833333333334
0 0.434375 0.09375 0.084375 0.14270833333333333
0 0.36875 0.16041666666666668 0.0734375 0.09895833333333333
0 0.21484375 0.10625 0.08203125 0.10416666666666667
2 0.58125 0.04895833333333333 0.10703125 0.09375
0 0.059375 0.22916666666666666 0.0859375 0.13854166666666667
2 0.4015625 0.23125 0.09140625 0.14583333333333334
2 0.42421875 0.3489583333333333 0.1015625 0.165625
2 0.32109375 0.340625 0.1 0.12395833333333334
0 0.23203125 0.2708333333333333 0.10859375 0.18020833333333333
0 0.1265625 0.39791666666666664 0.121875 0.16770833333333332
1 0.80078125 0.575 0.115625 0.35104166666666664
1 0.72265625 0.4979166666666667 0.28203125 0.2
0 0.46015625 0.540625 0.1375 0.20729166666666668
2 0.590625 0.7802083333333333 0.1890625 0.28125
1 0.65390625 0.7083333333333334 0.221875 0.32083333333333336
1 0.77734375 0.9072916666666667 0.365625 0.18541666666666667
1 0.321875 0.421875 0.1265625 0.13854166666666667
1 0.16875 0.465625 0.17109375 0.21979166666666666
1 0.03984375 0.5125 0.0765625 0.26875
1 0.103125 0.7114583333333333 0.128125 0.19270833333333334
1 0.196875 0.86875 0.190625 0.24166666666666667
1 0.37578125 0.775 0.1234375 0.44479166666666664
1 0.303125 0.8229166666666666 0.175 0.3541666666666667
0 0.1375 0.9364583333333333 0.171875 0.12708333333333333
2 0.303125 0.25104166666666666 0.06953125 0.08125
2 0.121875 0.19791666666666666 0.06953125 0.13333333333333333