1 0.88203125 0.5760416666666667 0.2359375 0.225
1 0.71015625 0.6958333333333333 0.10390625 0.40520833333333334
1 0.715625 0.4375 0.1359375 0.19270833333333334
1 0.496875 0.44479166666666664 0.159375 0.153125
2 0.5875 0.453125 0.1390625 0.12083333333333333
2 0.50859375 0.578125 0.125 0.14270833333333333
2 0.5359375 0.7010416666666667 0.153125 0.1875
2 0.5640625 0.9291666666666667 0.221875 0.140625
2 0.953125 0.440625 0.09296875 0.140625
2 0.91796875 0.3125 0.153125 0.18541666666666667
2 0.9734375 0.10104166666666667 0.053125 0.13333333333333333