0 0.16875 0.40208333333333335 0.14609375 0.2375
0 0.08125 0.5947916666666667 0.159375 0.340625
3 0.5703125 0.3802083333333333 0.3234375 0.39479166666666665
2 0.509375 0.07604166666666666 0.115625 0.14791666666666667
2 0.4359375 0.07604166666666666 0.075 0.10416666666666667
2 0.69921875 0.10416666666666667 0.134375 0.20208333333333334
2 0.83828125 0.04791666666666667 0.14609375 0.09166666666666666
2 0.403125 0.22395833333333334 0.1640625 0.18541666666666667
2 0.284375 0.4354166666666667 0.146875 0.21458333333333332
2 0.86015625 0.30104166666666665 0.22890625 0.2375
2 0.659375 0.4552083333333333 0.15 0.225
2 0.59296875 0.7885416666666667 0.278125 0.421875
0 0.37890625 0.60625 0.23359375 0.35833333333333334
1 0.20546875 0.8239583333333333 0.2015625 0.35208333333333336
1 0.834375 0.821875 0.31953125 0.35520833333333335