0 0.5234375 0.07291666666666667 0.1140625 0.13541666666666666
0 0.28828125 0.3020833333333333 0.14296875 0.18541666666666667
0 0.115625 0.5947916666666667 0.225 0.32083333333333336
0 0.0375 0.25729166666666664 0.071875 0.19791666666666666
2 0.11640625 0.2947916666666667 0.125 0.17083333333333334
2 0.275 0.49375 0.146875 0.19791666666666666
2 0.1375 0.7739583333333333 0.2140625 0.28854166666666664
2 0.421875 0.3375 0.134375 0.18020833333333333
2 0.4625 0.19895833333333332 0.13359375 0.14583333333333334
2 0.51640625 0.4791666666666667 0.24453125 0.19791666666666666
2 0.628125 0.35104166666666664 0.16796875 0.2375
2 0.62421875 0.15208333333333332 0.134375 0.175
2 0.71484375 0.09270833333333334 0.1015625 0.10625
2 0.91484375 0.06979166666666667 0.1703125 0.13541666666666666
0 0.834375 0.14895833333333333 0.1984375 0.20520833333333333
0 0.7984375 0.3802083333333333 0.23046875 0.35104166666666664
0 0.4625 0.653125 0.1890625 0.2989583333333333
0 0.315625 0.7958333333333333 0.246875 0.40729166666666666
0 0.9203125 0.7427083333333333 0.159375 0.5135416666666667
2 0.8703125 0.8770833333333333 0.08125 0.24583333333333332