0 0.84140625 0.35833333333333334 0.13359375 0.19270833333333334
1 0.9 0.18229166666666666 0.13046875 0.18229166666666666
1 0.9390625 0.25833333333333336 0.121875 0.140625
1 0.45625 0.8208333333333333 0.09609375 0.35833333333333334
1 0.5421875 0.7510416666666667 0.165625 0.2760416666666667
1 0.5453125 0.8604166666666667 0.18203125 0.2791666666666667
1 0.68359375 0.8729166666666667 0.15859375 0.20520833333333333
1 0.815625 0.8583333333333333 0.209375 0.24479166666666666
1 0.86015625 0.7583333333333333 0.2484375 0.271875
1 0.95390625 0.5958333333333333 0.09140625 0.165625
1 0.91796875 0.4875 0.1640625 0.165625
1 0.67890625 0.6854166666666667 0.1859375 0.2
1 0.615625 0.5854166666666667 0.11796875 0.23229166666666667
1 0.6078125 0.528125 0.134375 0.2125
1 0.6984375 0.515625 0.09140625 0.20729166666666668
1 0.75859375 0.49166666666666664 0.096875 0.20729166666666668
1 0.82890625 0.4583333333333333 0.1 0.12083333333333333
1 0.590625 0.36041666666666666 0.13359375 0.11354166666666667