3 0.5859375 0.3375 0.3 0.5208333333333334
0 0.50546875 0.1375 0.14453125 0.19479166666666667
0 0.42265625 0.10520833333333333 0.109375 0.12083333333333333
0 0.41796875 0.30104166666666665 0.11640625 0.246875
0 0.815625 0.434375 0.2484375 0.36041666666666666
1 0.33046875 0.21458333333333332 0.19453125 0.17291666666666666
1 0.21484375 0.14270833333333333 0.1125 0.13333333333333333
2 0.0921875 0.14895833333333333 0.0984375 0.09583333333333334
2 0.34609375 0.075 0.11640625 0.09166666666666666
2 0.77421875 0.10625 0.1734375 0.19270833333333334
2 0.678125 0.21875 0.11796875 0.115625
1 0.58125 0.46770833333333334 0.2734375 0.14583333333333334
2 0.95 0.7395833333333334 0.1 0.40729166666666666
2 0.26875 0.790625 0.1734375 0.33125
0 0.19140625 0.7322916666666667 0.25859375 0.378125
0 0.16171875 0.2791666666666667 0.134375 0.21770833333333334