2 0.1875 0.59375 0.0140625 0.007291666666666667
2 0.07734375 0.15729166666666666 0.090625 0.07604166666666666
0 0.06484375 0.30520833333333336 0.1265625 0.34270833333333334
0 0.6703125 0.32083333333333336 0.2265625 0.30104166666666665
2 0.21953125 0.109375 0.15 0.115625
2 0.228125 0.3416666666666667 0.19140625 0.21979166666666666
2 0.61640625 0.21145833333333333 0.15859375 0.21458333333333332
2 0.84140625 0.14479166666666668 0.2140625 0.18541666666666667
2 0.89296875 0.346875 0.2140625 0.27395833333333336
2 0.51640625 0.6739583333333333 0.2859375 0.44895833333333335
2 0.765625 0.6072916666666667 0.24609375 0.33541666666666664
0 0.7109375 0.7875 0.578125 0.425