2 0.05625 0.06875 0.0984375 0.10416666666666667
2 0.15234375 0.04791666666666667 0.0765625 0.09166666666666666
0 0.44140625 0.071875 0.0859375 0.13333333333333333
0 0.30703125 0.08541666666666667 0.0859375 0.13541666666666666
0 0.371875 0.17291666666666666 0.115625 0.18229166666666666
2 0.359375 0.4114583333333333 0.1140625 0.15520833333333334
2 0.265625 0.5479166666666667 0.125 0.18229166666666666
0 0.16328125 0.19166666666666668 0.109375 0.15104166666666666
0 0.22109375 0.23125 0.08359375 0.11145833333333334
2 0.28984375 0.26145833333333335 0.10390625 0.12395833333333334
2 0.221875 0.3489583333333333 0.09140625 0.18020833333333333
2 0.13203125 0.30520833333333336 0.121875 0.11145833333333334
2 0.04765625 0.29270833333333335 0.09296875 0.09583333333333334
2 0.0484375 0.40729166666666666 0.09453125 0.178125
2 0.03046875 0.5489583333333333 0.05859375 0.13125
2 0.04921875 0.7083333333333334 0.09609375 0.2864583333333333
2 0.28828125 0.7427083333333333 0.1625 0.271875
2 0.4921875 0.31145833333333334 0.1015625 0.153125
2 0.5515625 0.140625 0.11953125 0.09375
2 0.56796875 0.24479166666666666 0.103125 0.15833333333333333
2 0.62265625 0.31979166666666664 0.090625 0.14583333333333334
0 0.678125 0.20729166666666668 0.11640625 0.17291666666666666
0 0.5953125 0.4583333333333333 0.1125 0.26875
0 0.54296875 0.584375 0.171875 0.19479166666666667
0 0.72109375 0.5395833333333333 0.15 0.23958333333333334
1 0.4265625 0.7625 0.125 0.4197916666666667
2 0.553125 0.7802083333333333 0.19140625 0.35520833333333335
2 0.75859375 0.221875 0.09453125 0.13854166666666667
1 0.72265625 0.365625 0.165625 0.2125
2 0.8671875 0.5447916666666667 0.184375 0.259375
0 0.92109375 0.071875 0.11953125 0.13854166666666667
2 0.82265625 0.06666666666666667 0.09609375 0.09375
2 0.95390625 0.1625 0.09140625 0.15833333333333333