1 0.3734375 0.33229166666666665 0.10859375 0.08645833333333333
2 0.40546875 0.44583333333333336 0.128125 0.140625
1 0.384375 0.5875 0.059375 0.18229166666666666
1 0.44765625 0.5958333333333333 0.07109375 0.25416666666666665
2 0.35234375 0.6625 0.115625 0.20520833333333333
2 0.234375 0.7979166666666667 0.12890625 0.246875
2 0.11875 0.8010416666666667 0.12109375 0.25416666666666665
2 0.396875 0.8385416666666666 0.12109375 0.225
2 0.49453125 0.88125 0.15546875 0.2375
2 0.5421875 0.6739583333333333 0.134375 0.19791666666666666
0 0.5375 0.5239583333333333 0.121875 0.178125
3 0.609375 0.35520833333333335 0.1625 0.15833333333333333
3 0.8765625 0.28854166666666664 0.171875 0.16770833333333332
2 0.6375 0.22916666666666666 0.096875 0.128125
2 0.74296875 0.228125 0.10859375 0.140625
2 0.665625 0.7666666666666667 0.165625 0.26458333333333334
0 0.7484375 0.6427083333333333 0.18046875 0.2791666666666667
0 0.821875 0.8625 0.23359375 0.27395833333333336
1 0.88203125 0.7260416666666667 0.2359375 0.20208333333333334
0 0.96640625 0.5145833333333333 0.06640625 0.25416666666666665