2 0.93046875 0.03333333333333333 0.1390625 0.06145833333333333
0 0.38125 0.06145833333333333 0.07890625 0.09375
0 0.353125 0.234375 0.096875 0.16770833333333332
2 0.4546875 0.08020833333333334 0.09609375 0.07604166666666666
2 0.36015625 0.13541666666666666 0.0765625 0.09375
0 0.2734375 0.184375 0.0859375 0.140625
2 0.27265625 0.26458333333333334 0.08203125 0.13333333333333333
0 0.5703125 0.146875 0.109375 0.28854166666666664
0 0.67734375 0.16145833333333334 0.1265625 0.209375
1 0.703125 0.32916666666666666 0.22890625 0.23958333333333334
1 0.89453125 0.6625 0.2109375 0.6739583333333333
1 0.9234375 0.4114583333333333 0.153125 0.27395833333333336
0 0.95234375 0.17916666666666667 0.0953125 0.2625
2 0.5515625 0.6197916666666666 0.20546875 0.29583333333333334
2 0.55703125 0.865625 0.275 0.26875