1 0.734375 0.053125 0.090625 0.10104166666666667
1 0.92734375 0.20625 0.1453125 0.37916666666666665
2 0.79609375 0.14791666666666667 0.178125 0.2125
0 0.659375 0.33541666666666664 0.25 0.390625
1 0.7640625 0.325 0.18359375 0.4666666666666667
0 0.5609375 0.18125 0.20546875 0.34270833333333334
1 0.4640625 0.228125 0.1 0.2791666666666667
1 0.4078125 0.09791666666666667 0.0765625 0.190625
0 0.3015625 0.0375 0.096875 0.06875
2 0.315625 0.14479166666666668 0.1359375 0.19479166666666667
1 0.35703125 0.40520833333333334 0.1390625 0.25729166666666664
2 0.25859375 0.353125 0.153125 0.221875
0 0.1796875 0.5552083333333333 0.27109375 0.49895833333333334
0 0.05078125 0.5625 0.0984375 0.44479166666666664
2 0.1359375 0.809375 0.2109375 0.29583333333333334
1 0.334375 0.7197916666666667 0.2125 0.35833333333333334
1 0.69609375 0.7760416666666666 0.5109375 0.4375
1 0.7203125 0.7697916666666667 0.559375 0.46041666666666664
1 0.215625 0.9427083333333334 0.33359375 0.11354166666666667