1 0.49609375 0.8739583333333333 0.0640625 0.16770833333333332
2 0.5203125 0.7458333333333333 0.065625 0.09375
2 0.765625 0.86875 0.04140625 0.08854166666666667
0 0.79296875 0.9072916666666667 0.06640625 0.13125
0 0.55703125 0.9270833333333334 0.078125 0.13541666666666666
1 0.5921875 0.76875 0.084375 0.165625
2 0.959375 0.6270833333333333 0.0765625 0.13333333333333333
0 0.95625 0.540625 0.06796875 0.10833333333333334
2 0.96015625 0.4666666666666667 0.05390625 0.07395833333333333
0 0.971875 0.421875 0.05546875 0.06875
0 0.79609375 0.634375 0.06953125 0.11354166666666667
3 0.74921875 0.7010416666666667 0.0984375 0.14791666666666667
2 0.865625 0.6083333333333333 0.0734375 0.09583333333333334
2 0.8375 0.49583333333333335 0.05546875 0.07395833333333333
2 0.90625 0.37395833333333334 0.05703125 0.052083333333333336
2 0.921875 0.4395833333333333 0.05 0.07916666666666666
2 0.76015625 0.4708333333333333 0.0515625 0.08645833333333333
2 0.77890625 0.425 0.0359375 0.07916666666666666
2 0.7140625 0.6375 0.0640625 0.10416666666666667
2 0.69453125 0.5510416666666667 0.0609375 0.10416666666666667
2 0.53203125 0.5854166666666667 0.05859375 0.08854166666666667
2 0.578125 0.5447916666666667 0.07109375 0.11145833333333334
2 0.64609375 0.4979166666666667 0.046875 0.07604166666666666
2 0.67734375 0.47604166666666664 0.04609375 0.06458333333333334
2 0.690625 0.4270833333333333 0.05390625 0.04479166666666667
0 0.74453125 0.40520833333333334 0.04140625 0.06875
0 0.70078125 0.38229166666666664 0.0484375 0.07395833333333333
0 0.82109375 0.3958333333333333 0.053125 0.09166666666666666
0 0.81640625 0.315625 0.046875 0.06875
0 0.7828125 0.3458333333333333 0.0515625 0.084375
0 0.7515625 0.334375 0.046875 0.08125
0 0.6796875 0.7291666666666666 0.0734375 0.13125
0 0.64453125 0.6708333333333333 0.0609375 0.10625
0 0.584375 0.6958333333333333 0.0515625 0.084375
0 0.48671875 0.6958333333333333 0.059375 0.09895833333333333
0 0.42109375 0.7052083333333333 0.05546875 0.10104166666666667
1 0.43046875 0.759375 0.075 0.13541666666666666
2 0.3640625 0.7708333333333334 0.06640625 0.10416666666666667
2 0.6296875 0.28854166666666664 0.04296875 0.06458333333333334
2 0.58125 0.3020833333333333 0.040625 0.071875
2 0.546875 0.42604166666666665 0.046875 0.07604166666666666
2 0.46328125 0.46875 0.05390625 0.07916666666666666
2 0.4265625 0.5864583333333333 0.0609375 0.07604166666666666
2 0.3828125 0.6291666666666667 0.0625 0.10416666666666667
2 0.3453125 0.5270833333333333 0.0625 0.10104166666666667
1 0.315625 0.6541666666666667 0.0890625 0.11354166666666667
1 0.25390625 0.7322916666666667 0.04140625 0.140625
1 0.20546875 0.965625 0.078125 0.06875
0 0.240625 0.9083333333333333 0.084375 0.11354166666666667
2 0.1890625 0.7854166666666667 0.06953125 0.06875
2 0.21015625 0.853125 0.07890625 0.10104166666666667