2 0.0375 0.3145833333333333 0.071875 0.26458333333333334
0 0.0890625 0.165625 0.15859375 0.30625
0 0.2265625 0.09375 0.15 0.17291666666666666
0 0.228125 0.2864583333333333 0.14609375 0.271875
0 0.353125 0.22916666666666666 0.153125 0.22708333333333333
2 0.26875 0.44166666666666665 0.1625 0.17291666666666666
2 0.440625 0.027083333333333334 0.13046875 0.04895833333333333
0 0.6671875 0.06875 0.190625 0.13333333333333333
1 0.44609375 0.2625 0.225 0.38229166666666664
1 0.596875 0.2875 0.265625 0.41770833333333335
1 0.759375 0.428125 0.30390625 0.5114583333333333
0 0.95390625 0.2864583333333333 0.09140625 0.35104166666666664
2 0.515625 0.7177083333333333 0.2609375 0.4270833333333333
2 0.79765625 0.7927083333333333 0.365625 0.41458333333333336