2 0.1125 0.534375 0.221875 0.23958333333333334
0 0.33359375 0.14791666666666667 0.175 0.22708333333333333
0 0.1171875 0.746875 0.23203125 0.3385416666666667
2 0.33203125 0.353125 0.18046875 0.2375
2 0.3796875 0.528125 0.1984375 0.31145833333333334
2 0.26640625 0.85 0.2578125 0.3
2 0.484375 0.184375 0.14140625 0.18541666666666667
2 0.53203125 0.06875 0.13359375 0.13333333333333333
2 0.66328125 0.29583333333333334 0.20390625 0.28125
2 0.7296875 0.5322916666666667 0.3625 0.29375
0 0.646875 0.10208333333333333 0.1640625 0.2
0 0.78125 0.16875 0.1875 0.3333333333333333
0 0.81640625 0.7427083333333333 0.2109375 0.3458333333333333
0 0.6453125 0.7510416666666667 0.2015625 0.340625
0 0.73671875 0.9364583333333333 0.3078125 0.12708333333333333