1 0.56484375 0.4270833333333333 0.1265625 0.20729166666666668
1 0.68984375 0.5875 0.2234375 0.1875
1 0.51953125 0.6583333333333333 0.103125 0.353125
1 0.359375 0.4125 0.12109375 0.07916666666666666
2 0.4453125 0.43854166666666666 0.10703125 0.06666666666666667
2 0.36171875 0.534375 0.11796875 0.115625
2 0.365625 0.6458333333333334 0.14296875 0.165625
2 0.3390625 0.8958333333333334 0.20859375 0.20729166666666668
2 0.765625 0.34270833333333334 0.12109375 0.153125
2 0.8078125 0.478125 0.134375 0.140625
2 0.85859375 0.057291666666666664 0.071875 0.06458333333333334
2 0.8625 0.16458333333333333 0.08359375 0.115625
2 0.9484375 0.14895833333333333 0.09140625 0.10104166666666667
2 0.8890625 0.6552083333333333 0.18359375 0.20520833333333333
2 0.96875 0.5791666666666667 0.0625 0.19479166666666667
1 0.934375 0.915625 0.13046875 0.16770833333333332
2 0.8296875 0.9572916666666667 0.159375 0.08541666666666667