0 0.19296875 0.4395833333333333 0.16953125 0.23229166666666667
0 0.56015625 0.04583333333333333 0.07109375 0.08645833333333333
1 0.4578125 0.09479166666666666 0.109375 0.09583333333333334
1 0.34375 0.19583333333333333 0.14609375 0.225
1 0.3625 0.265625 0.14453125 0.209375
1 0.571875 0.19166666666666668 0.13359375 0.17083333333333334
1 0.590625 0.10625 0.06640625 0.12395833333333334
1 0.5203125 0.24895833333333334 0.15390625 0.09375
1 0.51484375 0.3125 0.16796875 0.18020833333333333
0 0.440625 0.4395833333333333 0.16796875 0.221875
0 0.7515625 0.28854166666666664 0.18359375 0.25729166666666664
0 0.8484375 0.4 0.1390625 0.2125
0 0.79765625 0.534375 0.184375 0.28854166666666664
1 0.70234375 0.08541666666666667 0.115625 0.12083333333333333
2 0.871875 0.13541666666666666 0.1140625 0.10416666666666667
1 0.79765625 0.1 0.140625 0.19479166666666667
2 0.9453125 0.065625 0.109375 0.12708333333333333
0 0.9734375 0.16875 0.053125 0.190625
1 0.95546875 0.44895833333333335 0.0890625 0.21770833333333334
1 0.321875 0.571875 0.26953125 0.20520833333333333
1 0.365625 0.7260416666666667 0.33359375 0.221875
1 0.15234375 0.5583333333333333 0.115625 0.19270833333333334
1 0.09296875 0.621875 0.096875 0.271875
1 0.03359375 0.6760416666666667 0.0640625 0.221875
1 0.0328125 0.859375 0.0625 0.18229166666666666
1 0.0625 0.953125 0.121875 0.09375
1 0.4578125 0.95 0.121875 0.1