0 0.30078125 0.7302083333333333 0.3109375 0.5395833333333333
0 0.61015625 0.6822916666666666 0.40390625 0.634375
1 0.94140625 0.5552083333333333 0.11640625 0.22708333333333333
1 0.7640625 0.21979166666666666 0.14453125 0.35104166666666664
0 0.95390625 0.25416666666666665 0.09140625 0.37083333333333335
0 0.8828125 0.16875 0.234375 0.3333333333333333
1 0.8109375 0.653125 0.378125 0.69375
2 0.5296875 0.37604166666666666 0.20390625 0.2
2 0.52578125 0.184375 0.18203125 0.225
1 0.58515625 0.10729166666666666 0.17890625 0.209375
2 0.16484375 0.08645833333333333 0.1265625 0.13854166666666667
1 0.0625 0.11875 0.121875 0.23229166666666667
0 0.47734375 0.059375 0.1375 0.11354166666666667