2 0.9625 0.646875 0.075 0.1875
0 0.67109375 0.859375 0.21953125 0.28125
0 0.709375 0.6927083333333334 0.15859375 0.26875
0 0.584375 0.5447916666666667 0.21796875 0.31875
0 0.21953125 0.8416666666666667 0.25859375 0.315625
1 0.88203125 0.7510416666666667 0.2359375 0.2864583333333333
2 0.9203125 0.4114583333333333 0.159375 0.16041666666666668
2 0.7046875 0.2864583333333333 0.115625 0.12395833333333334
2 0.7640625 0.20625 0.10859375 0.140625
1 0.73125 0.140625 0.109375 0.07395833333333333
1 0.61953125 0.2604166666666667 0.1390625 0.225
1 0.5203125 0.19895833333333332 0.1234375 0.165625
1 0.30234375 0.6614583333333334 0.2375 0.19791666666666666
2 0.36015625 0.7541666666666667 0.14296875 0.09166666666666666
1 0.3234375 0.5291666666666667 0.196875 0.140625
1 0.384375 0.42083333333333334 0.16953125 0.2
1 0.39140625 0.27291666666666664 0.0890625 0.165625
0 0.86796875 0.30520833333333336 0.18359375 0.225
0 0.97890625 0.11979166666666667 0.04140625 0.13125
0 0.7828125 0.08229166666666667 0.10703125 0.12083333333333333
0 0.6109375 0.15520833333333334 0.0859375 0.153125
0 0.553125 0.09270833333333334 0.1 0.16041666666666668
0 0.65703125 0.078125 0.0859375 0.13125
0 0.36171875 0.17291666666666666 0.07890625 0.11875
2 0.396875 0.0625 0.075 0.12083333333333333
2 0.271875 0.4270833333333333 0.1265625 0.1625
1 0.10390625 0.5604166666666667 0.2 0.3260416666666667
0 0.0453125 0.3541666666666667 0.0875 0.18541666666666667
0 0.10546875 0.2864583333333333 0.071875 0.14270833333333333
1 0.0921875 0.440625 0.18203125 0.34270833333333334
1 0.22734375 0.259375 0.07890625 0.178125
1 0.284375 0.20625 0.08359375 0.19479166666666667