0 0.2546875 0.1 0.1375 0.19479166666666667
1 0.4375 0.09479166666666666 0.31953125 0.18541666666666667
1 0.31796875 0.23958333333333334 0.2359375 0.15833333333333333
1 0.12109375 0.07395833333333333 0.2 0.14270833333333333
1 0.121875 0.253125 0.1515625 0.328125
1 0.0359375 0.228125 0.06953125 0.24479166666666666
0 0.5046875 0.2604166666666667 0.18203125 0.26458333333333334
0 0.734375 0.14583333333333334 0.1765625 0.25729166666666664
1 0.92421875 0.06041666666666667 0.1515625 0.115625
1 0.89765625 0.22083333333333333 0.20390625 0.24479166666666666
2 0.94921875 0.3489583333333333 0.1015625 0.2791666666666667
0 0.509375 0.7489583333333333 0.30859375 0.49583333333333335
1 0.8078125 0.6708333333333333 0.24296875 0.6541666666666667
1 0.6765625 0.278125 0.178125 0.19479166666666667
1 0.578125 0.5072916666666667 0.28046875 0.3729166666666667
1 0.29765625 0.4510416666666667 0.16796875 0.26875
1 0.315625 0.8135416666666667 0.13203125 0.3729166666666667