0 0.29375 0.23229166666666667 0.14609375 0.25729166666666664
0 0.26015625 0.12083333333333333 0.159375 0.178125
0 0.40625 0.10104166666666667 0.09296875 0.1625
0 0.071875 0.246875 0.140625 0.20208333333333334
1 0.184375 0.07083333333333333 0.125 0.10625
2 0.071875 0.07083333333333333 0.090625 0.11145833333333334
2 0.175 0.3260416666666667 0.15859375 0.17291666666666666
2 0.0640625 0.45208333333333334 0.125 0.24166666666666667
2 0.23046875 0.5552083333333333 0.1609375 0.2125
2 0.08125 0.7541666666666667 0.159375 0.284375
2 0.07734375 0.94375 0.1546875 0.1125
0 0.6984375 0.2625 0.1609375 0.225
2 0.546875 0.1875 0.11640625 0.09375
2 0.54375 0.328125 0.1484375 0.20729166666666668
2 0.43046875 0.4197916666666667 0.1390625 0.16770833333333332
2 0.60625 0.440625 0.11796875 0.21979166666666666
2 0.81796875 0.2947916666666667 0.11953125 0.16041666666666668
2 0.9484375 0.03958333333333333 0.103125 0.07395833333333333
2 0.8875 0.115625 0.1359375 0.12395833333333334
2 0.92890625 0.8020833333333334 0.1390625 0.39479166666666665
1 0.7765625 0.5135416666666667 0.271875 0.340625
0 0.78046875 0.78125 0.296875 0.4375
0 0.56953125 0.659375 0.20546875 0.4791666666666667
0 0.43515625 0.8635416666666667 0.3359375 0.27291666666666664