2 0.28984375 0.240625 0.1265625 0.08645833333333333
0 0.3421875 0.30104166666666665 0.090625 0.12395833333333334
1 0.2234375 0.4270833333333333 0.21953125 0.28125
1 0.2734375 0.49375 0.13046875 0.2520833333333333
1 0.35859375 0.46770833333333334 0.125 0.27395833333333336
1 0.3890625 0.146875 0.078125 0.15520833333333334
1 0.4890625 0.084375 0.1390625 0.10416666666666667
2 0.59609375 0.06770833333333333 0.096875 0.10104166666666667
2 0.559375 0.215625 0.11953125 0.16041666666666668
0 0.6890625 0.11770833333333333 0.103125 0.12083333333333333
2 0.68984375 0.035416666666666666 0.1015625 0.06666666666666667
1 0.621875 0.16041666666666668 0.065625 0.11875
1 0.68515625 0.20416666666666666 0.140625 0.165625
2 0.5515625 0.5322916666666667 0.18046875 0.21979166666666666
0 0.82109375 0.13541666666666666 0.125 0.15833333333333333
2 0.9078125 0.04895833333333333 0.12109375 0.09375
2 0.8921875 0.225 0.15390625 0.12395833333333334
1 0.7828125 0.353125 0.1015625 0.13333333333333333
1 0.88203125 0.36875 0.203125 0.31875
1 0.1046875 0.6489583333333333 0.1015625 0.26666666666666666
1 0.13359375 0.8322916666666667 0.228125 0.33541666666666664
0 0.975 0.5125 0.05 0.26458333333333334
2 0.27890625 0.15208333333333332 0.09453125 0.09166666666666666