2 0.028125 0.46875 0.053125 0.11875
2 0.46484375 0.10729166666666666 0.084375 0.08645833333333333
2 0.4078125 0.09479166666666666 0.06796875 0.115625
2 0.1625 0.24791666666666667 0.0890625 0.115625
1 0.44140625 0.26145833333333335 0.11640625 0.09375
2 0.53828125 0.17916666666666667 0.090625 0.115625
2 0.309375 0.3614583333333333 0.1015625 0.140625
2 0.1015625 0.4708333333333333 0.121875 0.140625
2 0.08125 0.6572916666666667 0.13203125 0.20729166666666668
2 0.15859375 0.7625 0.121875 0.23229166666666667
2 0.271875 0.8020833333333334 0.15390625 0.26666666666666666
2 0.4140625 0.6885416666666667 0.13359375 0.246875
2 0.453125 0.896875 0.14375 0.20625
2 0.55546875 0.94375 0.1796875 0.1125
2 0.484375 0.44479166666666664 0.1359375 0.15833333333333333
2 0.62578125 0.8052083333333333 0.1484375 0.221875
2 0.74140625 0.8947916666666667 0.171875 0.209375
1 0.51875 0.6875 0.0734375 0.29375
1 0.465625 0.6020833333333333 0.096875 0.2375
0 0.6203125 0.6052083333333333 0.14609375 0.21770833333333334
3 0.709375 0.4010416666666667 0.17890625 0.19479166666666667
3 0.9578125 0.42604166666666665 0.084375 0.20208333333333334
0 0.871875 0.8458333333333333 0.24296875 0.30833333333333335
2 0.865625 0.3145833333333333 0.10859375 0.17083333333333334
2 0.74140625 0.2604166666666667 0.121875 0.165625