2 0.7828125 0.115625 0.11796875 0.11354166666666667
1 0.875 0.7958333333333333 0.25 0.40729166666666666
1 0.065625 0.765625 0.1234375 0.46875
1 0.83046875 0.49375 0.278125 0.2125
0 0.9703125 0.4510416666666667 0.059375 0.26458333333333334
1 0.3125 0.60625 0.128125 0.49166666666666664
2 0.38671875 0.4197916666666667 0.1515625 0.23229166666666667
1 0.44453125 0.2760416666666667 0.228125 0.178125
1 0.57421875 0.553125 0.26796875 0.484375
0 0.18828125 0.6427083333333333 0.21796875 0.3625
0 0.165625 0.41354166666666664 0.215625 0.2791666666666667
1 0.115625 0.29375 0.11796875 0.2125
2 0.04921875 0.33958333333333335 0.09609375 0.2
0 0.075 0.17083333333333334 0.14453125 0.18229166666666666
0 0.1265625 0.06770833333333333 0.1109375 0.13125
1 0.1921875 0.121875 0.07109375 0.234375
0 0.62109375 0.25833333333333336 0.18046875 0.27395833333333336
0 0.6640625 0.128125 0.2 0.2520833333333333
2 0.928125 0.14583333333333334 0.14296875 0.24166666666666667
1 0.82421875 0.27291666666666664 0.30703125 0.29375
0 0.25546875 0.11979166666666667 0.11640625 0.21458333333333332
2 0.34375 0.08020833333333334 0.090625 0.15520833333333334
1 0.42578125 0.10729166666666666 0.0734375 0.13125