0 0.61796875 0.5708333333333333 0.203125 0.365625
0 0.515625 0.42916666666666664 0.1875 0.30625
2 0.434375 0.32708333333333334 0.1484375 0.23958333333333334
2 0.3421875 0.490625 0.14609375 0.21458333333333332
0 0.2109375 0.43333333333333335 0.15 0.26458333333333334
2 0.01953125 0.8083333333333333 0.0359375 0.23958333333333334
2 0.16328125 0.675 0.190625 0.24895833333333334
2 0.153125 0.8760416666666667 0.21953125 0.246875
2 0.590625 0.26145833333333335 0.15546875 0.17291666666666666
2 0.46953125 0.7291666666666666 0.19140625 0.34791666666666665
2 0.434375 0.94375 0.315625 0.1125
2 0.94296875 0.35208333333333336 0.1140625 0.18541666666666667
0 0.93828125 0.7895833333333333 0.1234375 0.42083333333333334