0 0.28984375 0.14583333333333334 0.065625 0.10833333333333334
0 0.7109375 0.08229166666666667 0.11640625 0.16041666666666668
0 0.45 0.0375 0.0640625 0.06875
2 0.4859375 0.04791666666666667 0.071875 0.09166666666666666
2 0.61796875 0.10208333333333333 0.0859375 0.11145833333333334
2 0.52421875 0.13958333333333334 0.084375 0.10104166666666667
0 0.5578125 0.03229166666666667 0.0875 0.059375
1 0.565625 0.06458333333333334 0.15859375 0.10416666666666667
1 0.8578125 0.171875 0.1265625 0.2
1 0.96015625 0.20833333333333334 0.07890625 0.190625
1 0.75546875 0.225 0.1609375 0.17291666666666666
1 0.70234375 0.32083333333333336 0.1265625 0.20208333333333334
1 0.384375 0.4822916666666667 0.28359375 0.259375
0 0.428125 0.17604166666666668 0.08359375 0.12083333333333333
0 0.3171875 0.24270833333333333 0.0984375 0.140625
0 0.14765625 0.425 0.0984375 0.153125
2 0.215625 0.346875 0.075 0.15104166666666666
1 0.040625 0.346875 0.078125 0.09583333333333334
2 0.0328125 0.44895833333333335 0.0625 0.13333333333333333
2 0.06484375 0.5510416666666667 0.1234375 0.11875
1 0.0609375 0.6427083333333333 0.11953125 0.13541666666666666
1 0.06484375 0.7072916666666667 0.1234375 0.21458333333333332
0 0.18671875 0.5854166666666667 0.14296875 0.221875
0 0.18203125 0.8135416666666667 0.1359375 0.24895833333333334
0 0.07421875 0.9 0.14609375 0.2