0 0.37578125 0.40625 0.03125 0.042708333333333334
0 0.5140625 0.3854166666666667 0.0265625 0.0375
0 0.5765625 0.47291666666666665 0.01640625 0.036458333333333336
0 0.73828125 0.23020833333333332 0.02734375 0.041666666666666664
0 0.18515625 0.6625 0.03828125 0.04791666666666667
0 0.225 0.6614583333333334 0.03828125 0.053125
0 0.12109375 0.7114583333333333 0.02578125 0.04479166666666667
0 0.21796875 0.7791666666666667 0.03984375 0.052083333333333336
0 0.27265625 0.709375 0.03359375 0.04791666666666667
0 0.25390625 0.7666666666666667 0.04453125 0.057291666666666664
0 0.184375 0.9604166666666667 0.04609375 0.07916666666666666
0 0.3546875 0.6895833333333333 0.03046875 0.046875
3 0.3171875 0.6708333333333333 0.04296875 0.04895833333333333
1 0.3640625 0.8520833333333333 0.0734375 0.07916666666666666