0 0.690625 0.2708333333333333 0.03515625 0.052083333333333336
0 0.84296875 0.42916666666666664 0.03359375 0.04583333333333333
0 0.7171875 0.3625 0.03203125 0.05520833333333333
3 0.52734375 0.35104166666666664 0.04296875 0.040625
1 0.81875 0.575 0.0796875 0.075
0 0.90546875 0.47291666666666665 0.02890625 0.052083333333333336
0 0.978125 0.5645833333333333 0.04375 0.075
0 0.67890625 0.38125 0.0328125 0.057291666666666664
0 0.66171875 0.5333333333333333 0.028125 0.04583333333333333
0 0.5796875 0.515625 0.03359375 0.06875
0 0.28828125 0.8854166666666666 0.040625 0.059375
0 0.57109375 0.9510416666666667 0.05390625 0.0625
0 0.6046875 0.9 0.0484375 0.07604166666666666
0 0.90703125 0.7885416666666667 0.06015625 0.08125
0 0.75234375 0.86875 0.05 0.08125
0 0.640625 0.9677083333333333 0.04921875 0.06354166666666666
3 0.54453125 0.721875 0.06953125 0.10416666666666667
3 0.25390625 0.584375 0.06015625 0.05520833333333333