0 0.3796875 0.40520833333333334 0.0390625 0.053125
0 0.67265625 0.534375 0.03671875 0.05
0 0.94609375 0.4791666666666667 0.034375 0.04583333333333333
0 0.89375 0.49583333333333335 0.0484375 0.057291666666666664
0 0.2921875 0.95 0.0640625 0.09895833333333333
0 0.79375 0.8625 0.06484375 0.1
0 0.41328125 0.7875 0.04140625 0.051041666666666666
0 0.36015625 0.5291666666666667 0.04453125 0.06979166666666667
1 0.6046875 0.5614583333333333 0.10390625 0.13125
1 0.78828125 0.70625 0.09296875 0.16458333333333333
0 0.50859375 0.24895833333333334 0.03671875 0.057291666666666664
0 0.4953125 0.203125 0.03046875 0.05
0 0.45859375 0.23854166666666668 0.02890625 0.041666666666666664
0 0.44140625 0.18854166666666666 0.03359375 0.05520833333333333
0 0.4015625 0.20833333333333334 0.02890625 0.0375