3 0.3671875 0.675 0.0875 0.18541666666666667
2 0.2625 0.5072916666666667 0.025 0.03229166666666667
0 0.79375 0.6864583333333333 0.065625 0.11354166666666667
0 0.65078125 0.5916666666666667 0.059375 0.10625
0 0.81796875 0.32916666666666666 0.05 0.115625
0 0.621875 0.821875 0.06640625 0.11354166666666667
0 0.52734375 0.7510416666666667 0.07109375 0.128125
0 0.453125 0.9208333333333333 0.078125 0.10833333333333334
0 0.2984375 0.36041666666666666 0.05859375 0.10833333333333334
0 0.0625 0.32083333333333336 0.071875 0.09895833333333333
0 0.17890625 0.2625 0.078125 0.08645833333333333
0 0.078125 0.13125 0.05546875 0.08854166666666667
0 0.153125 0.13541666666666666 0.07109375 0.10833333333333334
3 0.62890625 0.40208333333333335 0.1140625 0.153125
3 0.50859375 0.42083333333333334 0.06640625 0.15520833333333334