0 0.63671875 0.403125 0.02890625 0.05
0 0.8625 0.7270833333333333 0.03046875 0.05520833333333333
0 0.71953125 0.559375 0.034375 0.04375
0 0.39765625 0.5583333333333333 0.03046875 0.04583333333333333
0 0.3640625 0.434375 0.03203125 0.04583333333333333
0 0.2765625 0.6822916666666666 0.04140625 0.07916666666666666
0 0.3046875 0.66875 0.03515625 0.05416666666666667
0 0.24609375 0.6395833333333333 0.03203125 0.04583333333333333
0 0.1203125 0.6177083333333333 0.0359375 0.053125
0 0.05859375 0.5916666666666667 0.053125 0.08333333333333333
0 0.2078125 0.8364583333333333 0.0328125 0.05416666666666667
0 0.67109375 0.8604166666666667 0.0484375 0.07916666666666666
0 0.61640625 0.94375 0.03984375 0.057291666666666664
3 0.62734375 0.85 0.07890625 0.15416666666666667
3 0.46640625 0.928125 0.04765625 0.06979166666666667