3 0.4484375 0.9604166666666667 0.06328125 0.07916666666666666
3 0.31171875 0.709375 0.0703125 0.109375
3 0.64296875 0.5229166666666667 0.06796875 0.09895833333333333
3 0.834375 0.5302083333333333 0.0578125 0.078125
0 0.2203125 0.559375 0.0390625 0.058333333333333334
0 0.34921875 0.44166666666666665 0.04140625 0.06770833333333333
0 0.53125 0.46979166666666666 0.02421875 0.04895833333333333
0 0.6875 0.6041666666666666 0.0234375 0.041666666666666664
0 0.71171875 0.6572916666666667 0.034375 0.04479166666666667
0 0.8078125 0.7375 0.04453125 0.07083333333333333
0 0.23359375 0.7260416666666667 0.03359375 0.05416666666666667
1 0.77578125 0.7916666666666666 0.05546875 0.15625