2 0.68046875 0.60625 0.03984375 0.11979166666666667
2 0.80859375 0.9364583333333333 0.05 0.08229166666666667
2 0.79140625 0.215625 0.04765625 0.06979166666666667
2 0.33203125 0.8479166666666667 0.0515625 0.078125
2 0.43203125 0.8083333333333333 0.04453125 0.08958333333333333
2 0.5859375 0.696875 0.03671875 0.06770833333333333
0 0.66953125 0.946875 0.11484375 0.10520833333333333
0 0.3875 0.4239583333333333 0.0484375 0.08541666666666667
0 0.26875 0.6177083333333333 0.0484375 0.07395833333333333
0 0.16796875 0.6739583333333333 0.08046875 0.121875
0 0.028125 0.421875 0.05546875 0.08958333333333333
2 0.3828125 0.7010416666666667 0.07578125 0.125
1 0.12265625 0.9052083333333333 0.24375 0.18958333333333333