0 0.95859375 0.8729166666666667 0.0546875 0.07916666666666666
0 0.85078125 0.8166666666666667 0.06171875 0.07916666666666666
0 0.77578125 0.8052083333333333 0.05078125 0.09270833333333334
0 0.74765625 0.734375 0.05078125 0.06458333333333334
0 0.684375 0.6614583333333334 0.0484375 0.075
0 0.6640625 0.7708333333333334 0.05859375 0.06666666666666667
0 0.63984375 0.84375 0.05859375 0.06770833333333333
0 0.5734375 0.8802083333333334 0.05859375 0.084375
0 0.6046875 0.7802083333333333 0.053125 0.090625
0 0.571875 0.7552083333333334 0.04140625 0.08541666666666667
0 0.515625 0.6708333333333333 0.03046875 0.04479166666666667
0 0.93046875 0.3375 0.03671875 0.052083333333333336
0 0.5140625 0.5177083333333333 0.02578125 0.03854166666666667
0 0.18046875 0.8041666666666667 0.03203125 0.04583333333333333
0 0.55625 0.27291666666666664 0.03203125 0.03854166666666667
0 0.77890625 0.18854166666666666 0.03125 0.051041666666666666
0 0.65703125 0.13645833333333332 0.02890625 0.03958333333333333
0 0.6265625 0.16979166666666667 0.03046875 0.026041666666666668
0 0.61484375 0.21145833333333333 0.02265625 0.036458333333333336