0 0.24453125 0.8166666666666667 0.02578125 0.03333333333333333
0 0.20390625 0.934375 0.03984375 0.05625
0 0.2953125 0.8083333333333333 0.03359375 0.057291666666666664
0 0.49296875 0.7229166666666667 0.03359375 0.04375
0 0.74140625 0.5552083333333333 0.03515625 0.051041666666666666
1 0.59609375 0.9041666666666667 0.09140625 0.04791666666666667
0 0.66328125 0.9208333333333333 0.03984375 0.04791666666666667
0 0.70859375 0.8447916666666667 0.0375 0.05
0 0.40703125 0.95 0.05234375 0.06770833333333333
0 0.5453125 0.6947916666666667 0.0359375 0.041666666666666664
0 0.665625 0.6927083333333334 0.034375 0.05416666666666667
0 0.49609375 0.8354166666666667 0.03984375 0.059375