0 0.65390625 0.18229166666666666 0.03046875 0.0625
0 0.6015625 0.3125 0.0265625 0.05416666666666667
0 0.459375 0.07916666666666666 0.021875 0.04895833333333333
0 0.51640625 0.07604166666666666 0.03515625 0.04583333333333333
0 0.025 0.14895833333333333 0.04921875 0.06770833333333333
0 0.3875 0.178125 0.02421875 0.04583333333333333
0 0.2921875 0.9489583333333333 0.059375 0.10208333333333333
0 0.809375 0.9333333333333333 0.06015625 0.08958333333333333
0 0.83125 0.49583333333333335 0.0359375 0.04895833333333333
0 0.371875 0.5052083333333334 0.04921875 0.08020833333333334
0 0.546875 0.19270833333333334 0.0484375 0.06458333333333334
1 0.6578125 0.309375 0.05078125 0.075