0 0.703125 0.21354166666666666 0.03828125 0.052083333333333336
0 0.4140625 0.18541666666666667 0.02578125 0.04375
0 0.271875 0.478125 0.0328125 0.04791666666666667
0 0.453125 0.31145833333333334 0.0390625 0.046875
0 0.85078125 0.64375 0.04375 0.04583333333333333
3 0.190625 0.5916666666666667 0.0578125 0.05625
3 0.3734375 0.6979166666666666 0.04296875 0.0625
3 0.4625 0.640625 0.05703125 0.06041666666666667
1 0.64375 0.409375 0.08359375 0.05416666666666667
1 0.525 0.5427083333333333 0.05234375 0.09583333333333334
1 0.3515625 0.909375 0.0859375 0.128125
3 0.76640625 0.19166666666666668 0.06953125 0.06770833333333333
0 0.35234375 0.36875 0.02890625 0.046875
0 0.2984375 0.5010416666666667 0.03359375 0.03333333333333333