3 0.8875 0.9645833333333333 0.0984375 0.07083333333333333
3 0.2546875 0.85 0.0734375 0.1125
0 0.0484375 0.34375 0.03359375 0.05
0 0.10234375 0.27708333333333335 0.02578125 0.0375
0 0.11953125 0.246875 0.02890625 0.036458333333333336
0 0.15390625 0.28541666666666665 0.034375 0.06666666666666667
0 0.2796875 0.4739583333333333 0.04140625 0.052083333333333336
0 0.74140625 0.70625 0.03671875 0.053125
0 0.80625 0.709375 0.04296875 0.04895833333333333
0 0.7625 0.8958333333333334 0.05078125 0.08645833333333333
0 0.3828125 0.846875 0.04921875 0.07708333333333334