1 0.92109375 0.7645833333333333 0.0890625 0.17916666666666667
0 0.28984375 0.15520833333333334 0.03203125 0.040625
0 0.42890625 0.16041666666666668 0.0296875 0.034375
0 0.921875 0.17916666666666667 0.05859375 0.041666666666666664
0 0.14296875 0.3416666666666667 0.03828125 0.046875
0 0.09921875 0.34375 0.040625 0.05
0 0.0296875 0.365625 0.0359375 0.04583333333333333
0 0.1359375 0.42916666666666664 0.03359375 0.040625
0 0.19140625 0.384375 0.02734375 0.036458333333333336
0 0.1734375 0.42604166666666665 0.03984375 0.052083333333333336
0 0.1125 0.55625 0.034375 0.05520833333333333
0 0.1359375 0.6958333333333333 0.040625 0.057291666666666664
0 0.3234375 0.63125 0.03671875 0.04895833333333333
0 0.36875 0.7166666666666667 0.04609375 0.06354166666666666
0 0.425 0.7458333333333333 0.04296875 0.06145833333333333
1 0.28984375 0.4791666666666667 0.08125 0.09479166666666666
3 0.234375 0.3645833333333333 0.0453125 0.051041666666666666