3 0.27265625 0.08020833333333334 0.059375 0.071875
2 0.77421875 0.10208333333333333 0.02890625 0.052083333333333336
2 0.7953125 0.03958333333333333 0.034375 0.059375
0 0.84296875 0.121875 0.0640625 0.12083333333333333
0 0.53125 0.29583333333333334 0.0765625 0.10833333333333334
0 0.534375 0.5145833333333333 0.06953125 0.09166666666666666
0 0.365625 0.7208333333333333 0.053125 0.15833333333333333
0 0.55234375 0.7291666666666666 0.05703125 0.12083333333333333
0 0.4734375 0.91875 0.075 0.1625
2 0.253125 0.7791666666666667 0.034375 0.046875
2 0.86015625 0.71875 0.0375 0.04895833333333333
2 0.71015625 0.6 0.0234375 0.025
3 0.16328125 0.8708333333333333 0.090625 0.12083333333333333