2 0.25625 0.45729166666666665 0.040625 0.03958333333333333
2 0.23828125 0.5083333333333333 0.04296875 0.06458333333333334
2 0.18359375 0.5614583333333333 0.0390625 0.041666666666666664
2 0.534375 0.5989583333333334 0.02890625 0.06145833333333333
2 0.40859375 0.8489583333333334 0.0359375 0.07395833333333333
0 0.61171875 0.9427083333333334 0.084375 0.11354166666666667
0 0.53203125 0.8541666666666666 0.06953125 0.1625
0 0.4671875 0.9479166666666666 0.084375 0.10416666666666667
0 0.34140625 0.8510416666666667 0.08359375 0.13125
0 0.42109375 0.7510416666666667 0.078125 0.11875
0 0.49453125 0.7010416666666667 0.053125 0.10416666666666667
0 0.5953125 0.6385416666666667 0.05390625 0.09166666666666666
0 0.63125 0.5489583333333333 0.0484375 0.07604166666666666
0 0.47734375 0.5520833333333334 0.04296875 0.10104166666666667
0 0.375 0.5239583333333333 0.06640625 0.10416666666666667
0 0.46015625 0.46458333333333335 0.065625 0.084375
0 0.51484375 0.15104166666666666 0.040625 0.04895833333333333
0 0.44921875 0.24583333333333332 0.059375 0.08645833333333333
0 0.43671875 0.37083333333333335 0.059375 0.07395833333333333