0 0.49921875 0.8479166666666667 0.09609375 0.165625
0 0.48984375 0.2625 0.08203125 0.15104166666666666
3 0.04453125 0.5989583333333334 0.0859375 0.21458333333333332
0 0.9015625 0.8177083333333334 0.08359375 0.16770833333333332
0 0.921875 0.559375 0.05546875 0.10625
0 0.9546875 0.3729166666666667 0.0484375 0.10833333333333334
0 0.721875 0.5666666666666667 0.05859375 0.10625
0 0.64140625 0.759375 0.05859375 0.11145833333333334
0 0.53203125 0.709375 0.0640625 0.12604166666666666
0 0.41015625 0.4625 0.090625 0.14583333333333334
0 0.66953125 0.21770833333333334 0.06640625 0.07916666666666666
0 0.58046875 0.15208333333333332 0.078125 0.15520833333333334
3 0.584375 0.30416666666666664 0.10859375 0.15833333333333333