2 0.3265625 0.725 0.03515625 0.08958333333333333
0 0.7796875 0.6677083333333333 0.0390625 0.06875
0 0.86171875 0.6166666666666667 0.03203125 0.065625
0 0.91796875 0.58125 0.03046875 0.04375
0 0.59921875 0.546875 0.0421875 0.07604166666666666
0 0.546875 0.5083333333333333 0.03984375 0.06770833333333333
0 0.5296875 0.36666666666666664 0.04921875 0.0875
0 0.55078125 0.2875 0.03203125 0.06666666666666667
0 0.51328125 0.20833333333333334 0.0375 0.065625
0 0.5859375 0.26145833333333335 0.02265625 0.0625
0 0.71640625 0.9739583333333334 0.0609375 0.052083333333333336
3 0.49375 0.8729166666666667 0.09140625 0.18541666666666667
3 0.95625 0.6927083333333334 0.0875 0.26875
3 0.29140625 0.08645833333333333 0.04609375 0.05625