1 0.60625 0.18333333333333332 0.05859375 0.0625
3 0.478125 0.5166666666666667 0.06171875 0.1125
0 0.09453125 0.7791666666666667 0.02421875 0.052083333333333336
0 0.4890625 0.22083333333333333 0.02578125 0.03125
0 0.5125 0.19791666666666666 0.028125 0.0375
0 0.49140625 0.2791666666666667 0.0296875 0.0375
0 0.39609375 0.365625 0.02734375 0.053125
0 0.521875 0.32916666666666666 0.02578125 0.04583333333333333
0 0.57578125 0.14479166666666668 0.0265625 0.0375
0 0.6421875 0.24583333333333332 0.03515625 0.041666666666666664
0 0.68125 0.26979166666666665 0.03984375 0.06145833333333333
0 0.73046875 0.26666666666666666 0.03359375 0.042708333333333334
0 0.45390625 0.48125 0.03515625 0.059375
0 0.26484375 0.6177083333333333 0.02578125 0.05
0 0.26015625 0.68125 0.03125 0.041666666666666664
0 0.20859375 0.775 0.02421875 0.04583333333333333
0 0.3953125 0.6614583333333334 0.0296875 0.046875
0 0.2546875 0.9041666666666667 0.04609375 0.075
0 0.31015625 0.953125 0.0390625 0.059375
0 0.346875 0.9239583333333333 0.03203125 0.06145833333333333
0 0.403125 0.8854166666666666 0.0359375 0.06145833333333333
0 0.58125 0.5645833333333333 0.03046875 0.04791666666666667