3 0.08046875 0.09479166666666666 0.08828125 0.04791666666666667
0 0.76953125 0.91875 0.04296875 0.078125
0 0.65625 0.509375 0.03125 0.057291666666666664
0 0.7421875 0.5604166666666667 0.02109375 0.052083333333333336
0 0.41328125 0.63125 0.03046875 0.04583333333333333
0 0.52734375 0.7916666666666666 0.03515625 0.06041666666666667
0 0.54140625 0.375 0.03671875 0.06875
0 0.4734375 0.11770833333333333 0.0203125 0.036458333333333336
0 0.31640625 0.22083333333333333 0.03046875 0.04583333333333333
3 0.51875 0.7375 0.05078125 0.07916666666666666
3 0.5890625 0.49166666666666664 0.04453125 0.07083333333333333