3 0.61875 0.6739583333333333 0.04296875 0.058333333333333334
3 0.6859375 0.5333333333333333 0.04140625 0.06041666666666667
3 0.73125 0.5416666666666666 0.05234375 0.071875
3 0.34453125 0.6927083333333334 0.04921875 0.06875
0 0.23125 0.6208333333333333 0.03828125 0.058333333333333334
0 0.159375 0.246875 0.03046875 0.042708333333333334
0 0.1609375 0.3104166666666667 0.03828125 0.052083333333333336
0 0.64296875 0.35833333333333334 0.03671875 0.053125
0 0.44375 0.34479166666666666 0.03828125 0.04791666666666667
0 0.4875 0.478125 0.04609375 0.04791666666666667
0 0.9171875 0.42916666666666664 0.0359375 0.04583333333333333
0 0.865625 0.453125 0.04296875 0.065625
0 0.79453125 0.5083333333333333 0.02734375 0.053125
0 0.78125 0.6166666666666667 0.03828125 0.07708333333333334
0 0.62734375 0.5854166666666667 0.03046875 0.046875
0 0.4015625 0.8802083333333334 0.0359375 0.0625