3 0.4671875 0.15416666666666667 0.05234375 0.07916666666666666
1 0.65 0.23645833333333333 0.0859375 0.084375
0 0.14921875 0.6958333333333333 0.0484375 0.06875
0 0.265625 0.4822916666666667 0.034375 0.05520833333333333
0 0.2953125 0.553125 0.03671875 0.0625
0 0.54921875 0.17916666666666667 0.04140625 0.057291666666666664
0 0.75625 0.07916666666666666 0.03203125 0.05416666666666667
0 0.90234375 0.1 0.03984375 0.04583333333333333
0 0.51875 0.7083333333333334 0.0390625 0.071875
0 0.684375 0.5135416666666667 0.03828125 0.06458333333333334
0 0.696875 0.61875 0.06328125 0.109375
0 0.90390625 0.5177083333333333 0.05 0.07916666666666666
0 0.72421875 0.7645833333333333 0.05234375 0.07916666666666666
3 0.67109375 0.7739583333333333 0.08984375 0.1125