0 0.5046875 0.4666666666666667 0.03203125 0.05416666666666667
0 0.58515625 0.509375 0.03125 0.0625
0 0.378125 0.5666666666666667 0.02734375 0.051041666666666666
0 0.80234375 0.971875 0.04609375 0.05625
0 0.5296875 0.7083333333333334 0.0265625 0.05416666666666667
0 0.1234375 0.315625 0.028125 0.0375
0 0.18046875 0.31145833333333334 0.025 0.042708333333333334
0 0.228125 0.365625 0.02734375 0.04479166666666667
0 0.2140625 0.6260416666666667 0.0328125 0.04583333333333333
0 0.321875 0.7875 0.0328125 0.065625
0 0.14296875 0.696875 0.03828125 0.07604166666666666
0 0.065625 0.71875 0.04453125 0.07395833333333333
0 0.134375 0.9625 0.05625 0.07395833333333333
0 0.58984375 0.85 0.03359375 0.06770833333333333