1 0.6265625 0.34479166666666666 0.0859375 0.10625
2 0.615625 0.5916666666666667 0.02890625 0.06666666666666667
0 0.04296875 0.9697916666666667 0.0765625 0.06041666666666667
0 0.509375 0.846875 0.0859375 0.12395833333333334
0 0.97265625 0.88125 0.0484375 0.12395833333333334
0 0.70703125 0.6083333333333333 0.0609375 0.10625
0 0.4609375 0.21458333333333332 0.075 0.10416666666666667
0 0.50703125 0.090625 0.0640625 0.09583333333333334
3 0.14609375 0.5927083333333333 0.08046875 0.13854166666666667
3 0.40703125 0.821875 0.09140625 0.128125
3 0.45390625 0.9572916666666667 0.0765625 0.08541666666666667
3 0.81875 0.740625 0.1125 0.18229166666666666
3 0.9 0.60625 0.096875 0.17083333333333334
3 0.746875 0.440625 0.07890625 0.13125
3 0.534375 0.29791666666666666 0.075 0.11145833333333334
3 0.38671875 0.340625 0.0625 0.10833333333333334