3 0.3421875 0.46458333333333335 0.109375 0.17291666666666666
2 0.540625 0.8572916666666667 0.034375 0.07916666666666666
0 0.89453125 0.8802083333333334 0.10859375 0.15520833333333334
0 0.85625 0.6729166666666667 0.0875 0.12604166666666666
0 0.76015625 0.40520833333333334 0.07109375 0.128125
0 0.62265625 0.33541666666666664 0.06796875 0.10833333333333334
0 0.596875 0.5541666666666667 0.078125 0.11145833333333334
0 0.49921875 0.521875 0.06796875 0.13541666666666666
0 0.46015625 0.6927083333333334 0.0515625 0.11145833333333334
0 0.37109375 0.934375 0.08046875 0.11145833333333334
0 0.24765625 0.17083333333333334 0.059375 0.09895833333333333
0 0.7703125 0.06041666666666667 0.065625 0.08125
0 0.11171875 0.09791666666666667 0.0734375 0.12604166666666666
0 0.028125 0.19270833333333334 0.0375 0.12395833333333334
3 0.68671875 0.9229166666666667 0.0828125 0.15416666666666667