0 0.6328125 0.628125 0.040625 0.0625
0 0.65703125 0.7208333333333333 0.04296875 0.075
0 0.5640625 0.421875 0.04140625 0.06354166666666666
0 0.51015625 0.5083333333333333 0.04296875 0.058333333333333334
0 0.428125 0.49895833333333334 0.04140625 0.051041666666666666
0 0.30703125 0.46770833333333334 0.03359375 0.06354166666666666
0 0.33203125 0.278125 0.0359375 0.042708333333333334
0 0.0484375 0.12708333333333333 0.0421875 0.0625
0 0.0171875 0.32083333333333336 0.03359375 0.057291666666666664
0 0.02421875 0.584375 0.04765625 0.10729166666666666
0 0.16875 0.7229166666666667 0.04609375 0.096875
3 0.35625 0.9135416666666667 0.07265625 0.103125
3 0.36328125 0.7802083333333333 0.06640625 0.10208333333333333