3 0.821875 0.7541666666666667 0.1140625 0.16041666666666668
0 0.471875 0.415625 0.05703125 0.057291666666666664
0 0.196875 0.40625 0.05859375 0.10625
0 0.259375 0.4125 0.03359375 0.10416666666666667
0 0.296875 0.515625 0.04140625 0.09375
0 0.40234375 0.5510416666666667 0.0375 0.08854166666666667
0 0.11875 0.89375 0.0765625 0.12395833333333334
0 0.140625 0.6875 0.06640625 0.10104166666666667
0 0.8015625 0.9010416666666666 0.04453125 0.07916666666666666
0 0.7828125 0.8072916666666666 0.05390625 0.07916666666666666
2 0.3703125 0.484375 0.02890625 0.03958333333333333
2 0.36015625 0.5333333333333333 0.01796875 0.034375