1 0.76171875 0.2125 0.05390625 0.07395833333333333
0 0.6359375 0.23645833333333333 0.0265625 0.0625
3 0.65625 0.209375 0.03828125 0.052083333333333336
0 0.8828125 0.15416666666666667 0.02890625 0.052083333333333336
0 0.9640625 0.22083333333333333 0.04296875 0.06666666666666667
0 0.703125 0.125 0.02734375 0.04375
0 0.73671875 0.3489583333333333 0.03671875 0.05520833333333333
0 0.953125 0.8479166666666667 0.05546875 0.09270833333333334
0 0.5546875 0.3260416666666667 0.02890625 0.05416666666666667
0 0.67265625 0.5197916666666667 0.03359375 0.058333333333333334
0 0.07265625 0.16458333333333333 0.034375 0.05625
3 0.3671875 0.04479166666666667 0.065625 0.06041666666666667
1 0.6703125 0.7958333333333333 0.13984375 0.1
1 0.4078125 0.371875 0.08515625 0.06041666666666667
1 0.58828125 0.25 0.05859375 0.05416666666666667