2 0.4375 0.9572916666666667 0.04921875 0.06875
2 0.428125 0.6708333333333333 0.08359375 0.1125
1 0.45390625 0.5645833333333333 0.12421875 0.23229166666666667
1 0.62890625 0.578125 0.05625 0.17083333333333334
0 0.2984375 0.88125 0.0578125 0.08541666666666667
0 0.54375 0.646875 0.034375 0.08125
0 0.80703125 0.43333333333333335 0.03984375 0.0625
0 0.90078125 0.3260416666666667 0.03984375 0.059375
0 0.9125 0.2552083333333333 0.06328125 0.096875
0 0.846875 0.26666666666666666 0.04453125 0.06145833333333333
0 0.6078125 0.31145833333333334 0.04140625 0.07083333333333333
0 0.5609375 0.23854166666666668 0.02890625 0.05
0 0.340625 0.3385416666666667 0.03515625 0.05520833333333333
0 0.075 0.7802083333333333 0.0421875 0.07708333333333334