0 0.10859375 0.290625 0.071875 0.10104166666666667
0 0.078125 0.41770833333333335 0.06953125 0.09895833333333333
0 0.190625 0.115625 0.034375 0.08854166666666667
0 0.290625 0.30104166666666665 0.06953125 0.09375
0 0.36015625 0.20520833333333333 0.08203125 0.11875
0 0.284375 0.590625 0.0859375 0.178125
0 0.18359375 0.6885416666666667 0.0859375 0.14270833333333333
0 0.23671875 0.8041666666666667 0.09296875 0.12604166666666666
0 0.11171875 0.8145833333333333 0.09296875 0.14270833333333333
0 0.39296875 0.8177083333333334 0.09140625 0.153125
0 0.503125 0.3958333333333333 0.06953125 0.12083333333333333
0 0.67109375 0.3145833333333333 0.08046875 0.12083333333333333
0 0.859375 0.2604166666666667 0.06796875 0.13125
0 0.740625 0.6458333333333334 0.09609375 0.15104166666666666
0 0.640625 0.7052083333333333 0.09140625 0.140625
0 0.6078125 0.934375 0.08203125 0.13125
0 0.72265625 0.86875 0.08203125 0.153125