0 0.49609375 0.575 0.04765625 0.07083333333333333
0 0.56015625 0.41770833333333335 0.0421875 0.057291666666666664
0 0.553125 0.46041666666666664 0.04453125 0.05625
0 0.6 0.4395833333333333 0.06015625 0.08125
0 0.63359375 0.4822916666666667 0.0625 0.10416666666666667
0 0.728125 0.5 0.04609375 0.04895833333333333
0 0.62578125 0.6520833333333333 0.09453125 0.13020833333333334
0 0.5171875 0.71875 0.05390625 0.06145833333333333
0 0.42421875 0.915625 0.06796875 0.134375
0 0.309375 0.5520833333333334 0.05078125 0.05416666666666667
3 0.48359375 0.471875 0.07109375 0.06666666666666667
3 0.5640625 0.5333333333333333 0.09296875 0.109375
3 0.51953125 0.634375 0.07421875 0.09895833333333333
3 0.59375 0.60625 0.07890625 0.10416666666666667
3 0.66171875 0.571875 0.06953125 0.0625
3 0.56484375 0.7791666666666667 0.10859375 0.12291666666666666
3 0.4203125 0.8270833333333333 0.07265625 0.07916666666666666
3 0.49921875 0.8979166666666667 0.09765625 0.19895833333333332