0 0.51953125 0.18854166666666666 0.0421875 0.06979166666666667
0 0.9 0.46875 0.06484375 0.08958333333333333
0 0.89921875 0.3333333333333333 0.05 0.065625
0 0.77578125 0.36041666666666666 0.0375 0.051041666666666666
0 0.540625 0.4322916666666667 0.04296875 0.04375
3 0.20859375 0.4625 0.078125 0.11458333333333333
3 0.65703125 0.5427083333333333 0.04453125 0.05416666666666667
3 0.859375 0.94375 0.08125 0.1125
3 0.75703125 0.23854166666666668 0.04765625 0.04895833333333333
3 0.0953125 0.16770833333333332 0.06796875 0.071875
3 0.121875 0.109375 0.08359375 0.08229166666666667
1 0.4 0.25 0.0546875 0.11354166666666667
0 0.8953125 0.19270833333333334 0.03203125 0.04791666666666667
0 0.85859375 0.16458333333333333 0.0359375 0.042708333333333334
0 0.87578125 0.13333333333333333 0.02578125 0.036458333333333336
0 0.63515625 0.19166666666666668 0.021875 0.04895833333333333