0 0.37734375 0.40520833333333334 0.02890625 0.04583333333333333
0 0.14453125 0.8729166666666667 0.03515625 0.05625
0 0.49765625 0.68125 0.0609375 0.09375
0 0.44453125 0.6958333333333333 0.04765625 0.06666666666666667
0 0.17734375 0.9697916666666667 0.04375 0.06041666666666667
0 0.76640625 0.51875 0.0375 0.04791666666666667
0 0.65078125 0.48541666666666666 0.02421875 0.0375
0 0.6765625 0.3333333333333333 0.02421875 0.04791666666666667
0 0.87109375 0.20416666666666666 0.03984375 0.059375
0 0.984375 0.2947916666666667 0.03125 0.06145833333333333
3 0.6109375 0.5083333333333333 0.03984375 0.058333333333333334
3 0.46875 0.809375 0.1015625 0.14895833333333333