3 0.0375 0.9208333333333333 0.07421875 0.12604166666666666
0 0.73671875 0.7677083333333333 0.02421875 0.030208333333333334
0 0.81484375 0.8302083333333333 0.02890625 0.052083333333333336
0 0.4734375 0.34791666666666665 0.02265625 0.03958333333333333
0 0.478125 0.4083333333333333 0.021875 0.052083333333333336
0 0.41875 0.5239583333333333 0.03046875 0.04479166666666667
0 0.37734375 0.5520833333333334 0.0328125 0.06979166666666667
0 0.30234375 0.5791666666666667 0.02734375 0.042708333333333334
0 0.2984375 0.6260416666666667 0.03125 0.040625
0 0.0890625 0.34270833333333334 0.02421875 0.042708333333333334
0 0.13125 0.4666666666666667 0.0484375 0.057291666666666664
0 0.05859375 0.7875 0.04609375 0.05625
0 0.25390625 0.7833333333333333 0.05078125 0.07395833333333333
3 0.52890625 0.9666666666666667 0.0515625 0.06666666666666667
3 0.159375 0.6885416666666667 0.05234375 0.07395833333333333
3 0.22109375 0.6833333333333333 0.06171875 0.08125