3 0.18828125 0.8208333333333333 0.11796875 0.140625
0 0.68828125 0.9145833333333333 0.084375 0.115625
0 0.725 0.784375 0.06953125 0.071875
0 0.67265625 0.7239583333333334 0.0515625 0.10416666666666667
0 0.778125 0.68125 0.08203125 0.12395833333333334
0 0.778125 0.46770833333333334 0.0765625 0.12083333333333333
0 0.696875 0.53125 0.0625 0.10833333333333334
0 0.5609375 0.8010416666666667 0.1140625 0.12083333333333333
0 0.46015625 0.8520833333333333 0.05703125 0.10416666666666667
0 0.4734375 0.665625 0.078125 0.09583333333333334
0 0.33046875 0.6666666666666666 0.0609375 0.11354166666666667
0 0.22578125 0.7041666666666667 0.0734375 0.11875
0 0.2796875 0.584375 0.0734375 0.14583333333333334
0 0.36015625 0.48020833333333335 0.0765625 0.19479166666666667
0 0.5671875 0.29583333333333334 0.065625 0.11354166666666667
0 0.69453125 0.2125 0.06953125 0.08854166666666667
0 0.4140625 0.14166666666666666 0.06640625 0.11145833333333334
0 0.35859375 0.23854166666666668 0.046875 0.071875
0 0.17265625 0.3729166666666667 0.0625 0.10416666666666667
0 0.196875 0.25416666666666665 0.07890625 0.11354166666666667
0 0.2578125 0.0875 0.0484375 0.071875