0 0.14765625 0.46875 0.03671875 0.059375
0 0.2359375 0.7197916666666667 0.03984375 0.057291666666666664
0 0.55 0.6458333333333334 0.03359375 0.04375
0 0.50078125 0.64375 0.01875 0.0375
0 0.50859375 0.75 0.04140625 0.06354166666666666
0 0.75078125 0.9645833333333333 0.03671875 0.07083333333333333
0 0.50078125 0.8666666666666667 0.04765625 0.0875
0 0.33671875 0.978125 0.0625 0.04375
1 0.2609375 0.8822916666666667 0.0578125 0.19270833333333334
3 0.5859375 0.8104166666666667 0.0484375 0.07708333333333334
3 0.63046875 0.8864583333333333 0.07421875 0.07604166666666666
3 0.12421875 0.728125 0.06875 0.06875