3 0.12578125 0.6854166666666667 0.115625 0.17083333333333334
0 0.1140625 0.4270833333333333 0.075 0.18229166666666666
0 0.30546875 0.284375 0.071875 0.08854166666666667
0 0.509375 0.34479166666666666 0.05390625 0.071875
0 0.8421875 0.5614583333333333 0.08203125 0.11145833333333334
0 0.96796875 0.659375 0.05859375 0.11354166666666667
0 0.8234375 0.7416666666666667 0.09140625 0.12083333333333333
0 0.73203125 0.6854166666666667 0.05859375 0.09166666666666666
0 0.68359375 0.8395833333333333 0.078125 0.11354166666666667
0 0.38125 0.7739583333333333 0.08203125 0.13541666666666666
0 0.49453125 0.7197916666666667 0.05546875 0.10625
0 0.45078125 0.790625 0.05390625 0.14270833333333333
0 0.440625 0.9260416666666667 0.0890625 0.14791666666666667
0 0.32890625 0.9239583333333333 0.09453125 0.14270833333333333
3 0.32890625 0.48020833333333335 0.10859375 0.165625