2 0.8609375 0.625 0.03203125 0.04583333333333333
0 0.85390625 0.91875 0.04765625 0.08541666666666667
0 0.60703125 0.9791666666666666 0.05234375 0.040625
0 0.575 0.940625 0.0328125 0.0625
0 0.52265625 0.828125 0.03203125 0.06145833333333333
0 0.4359375 0.8875 0.0484375 0.0875
0 0.0890625 0.5666666666666667 0.03828125 0.05625
0 0.04453125 0.5291666666666667 0.04140625 0.05520833333333333
0 0.0390625 0.421875 0.03046875 0.07083333333333333
0 0.24375 0.34375 0.0296875 0.05416666666666667
0 0.29609375 0.38958333333333334 0.034375 0.042708333333333334
0 0.43359375 0.38229166666666664 0.028125 0.041666666666666664
0 0.50234375 0.44166666666666665 0.03203125 0.041666666666666664