3 0.034375 0.71875 0.065625 0.24166666666666667
2 0.3828125 0.7385416666666667 0.04609375 0.05416666666666667
0 0.68828125 0.209375 0.084375 0.09895833333333333
0 0.5671875 0.07916666666666666 0.0625 0.10833333333333334
0 0.42734375 0.465625 0.09296875 0.15104166666666666
0 0.58125 0.8583333333333333 0.06796875 0.13125
0 0.24921875 0.5947916666666667 0.09296875 0.128125
0 0.18125 0.4427083333333333 0.05703125 0.09166666666666666
0 0.175 0.23958333333333334 0.04453125 0.08854166666666667
0 0.25859375 0.3385416666666667 0.05859375 0.07916666666666666
0 0.5921875 0.6385416666666667 0.11796875 0.19479166666666667
0 0.76015625 0.7208333333333333 0.090625 0.1625