1 0.753125 0.7322916666666667 0.115625 0.35104166666666664
0 0.3859375 0.09895833333333333 0.04765625 0.08229166666666667
0 0.50546875 0.19270833333333334 0.04609375 0.09166666666666666
0 0.93046875 0.621875 0.05390625 0.09583333333333334
0 0.49375 0.42083333333333334 0.07109375 0.12708333333333333
0 0.46953125 0.5208333333333334 0.05078125 0.09479166666666666
0 0.10703125 0.6083333333333333 0.13359375 0.19583333333333333
0 0.25234375 0.896875 0.109375 0.20520833333333333
2 0.43671875 0.646875 0.0484375 0.08333333333333333
2 0.35703125 0.878125 0.04765625 0.09270833333333334
0 0.78984375 0.3229166666666667 0.0375 0.06041666666666667