0 0.684375 0.31875 0.0296875 0.03958333333333333
0 0.81875 0.584375 0.02421875 0.04791666666666667
0 0.55625 0.20208333333333334 0.02265625 0.046875
2 0.4609375 0.5760416666666667 0.01796875 0.0375
2 0.0234375 0.5979166666666667 0.04609375 0.071875
0 0.13828125 0.85625 0.125 0.18125
0 0.08984375 0.4125 0.0796875 0.08854166666666667
0 0.0640625 0.490625 0.04765625 0.08854166666666667
0 0.55390625 0.4979166666666667 0.0453125 0.078125
0 0.696875 0.6229166666666667 0.02890625 0.05416666666666667
0 0.6734375 0.575 0.03671875 0.06875
0 0.45078125 0.3 0.02578125 0.03958333333333333
0 0.14375 0.24583333333333332 0.04921875 0.07083333333333333
0 0.015625 0.16770833333333332 0.0296875 0.065625
1 0.37265625 0.5447916666666667 0.11640625 0.16770833333333332
1 0.490625 0.9666666666666667 0.08828125 0.065625