3 0.1921875 0.825 0.03203125 0.05416666666666667
0 0.10234375 0.3 0.046875 0.07083333333333333
0 0.15546875 0.46875 0.04765625 0.08020833333333334
0 0.3484375 0.3416666666666667 0.03984375 0.05625
0 0.49609375 0.46145833333333336 0.02734375 0.042708333333333334
0 0.6 0.43333333333333335 0.0328125 0.04479166666666667
0 0.5609375 0.4510416666666667 0.0421875 0.07291666666666667
0 0.48828125 0.5114583333333333 0.02578125 0.04583333333333333
0 0.46171875 0.634375 0.03828125 0.07916666666666666
0 0.30390625 0.5958333333333333 0.03515625 0.05416666666666667
3 0.28984375 0.6895833333333333 0.05234375 0.07604166666666666
3 0.37890625 0.53125 0.04140625 0.06458333333333334
3 0.42734375 0.5354166666666667 0.05234375 0.08229166666666667
3 0.7 0.8979166666666667 0.06953125 0.12604166666666666