0 0.4984375 0.8854166666666666 0.0859375 0.17083333333333334
0 0.60546875 0.6322916666666667 0.071875 0.153125
0 0.2734375 0.36041666666666666 0.075 0.13854166666666667
2 0.36875 0.853125 0.040625 0.115625
2 0.3171875 0.7583333333333333 0.04609375 0.10833333333333334
2 0.153125 0.4864583333333333 0.034375 0.05416666666666667
0 0.2421875 0.16458333333333333 0.065625 0.11145833333333334
0 0.3625 0.41875 0.075 0.115625
0 0.390625 0.646875 0.08046875 0.15833333333333333
2 0.43515625 0.5052083333333334 0.04296875 0.06666666666666667
2 0.50703125 0.6927083333333334 0.028125 0.057291666666666664
2 0.575 0.475 0.0390625 0.07604166666666666
3 0.1484375 0.9458333333333333 0.078125 0.10833333333333334