3 0.52265625 0.42916666666666664 0.07578125 0.1125
0 0.0953125 0.5541666666666667 0.02578125 0.03125
0 0.09296875 0.6291666666666667 0.0296875 0.046875
0 0.2703125 0.4864583333333333 0.02890625 0.053125
0 0.25859375 0.5760416666666667 0.0265625 0.04583333333333333
0 0.20234375 0.671875 0.02890625 0.04791666666666667
0 0.04296875 0.975 0.04609375 0.04895833333333333
0 0.2421875 0.8697916666666666 0.059375 0.10104166666666667
0 0.30390625 0.9572916666666667 0.05625 0.08541666666666667
0 0.346875 0.9364583333333333 0.0390625 0.07395833333333333
0 0.4171875 0.9166666666666666 0.05 0.08645833333333333
0 0.41640625 0.5916666666666667 0.03515625 0.0625
0 0.65625 0.54375 0.04765625 0.07395833333333333
0 0.49609375 0.375 0.04609375 0.07291666666666667
0 0.43359375 0.20520833333333333 0.03828125 0.065625
0 0.5484375 0.11770833333333333 0.02890625 0.058333333333333334
0 0.54765625 0.03958333333333333 0.028125 0.036458333333333336
0 0.578125 0.025 0.03203125 0.04791666666666667
0 0.584375 0.19583333333333333 0.03046875 0.051041666666666666
0 0.7484375 0.11458333333333333 0.0359375 0.041666666666666664
0 0.8046875 0.15625 0.05234375 0.07083333333333333
0 0.865625 0.16354166666666667 0.04375 0.06041666666666667
1 0.69453125 0.029166666666666667 0.078125 0.057291666666666664