3 0.41015625 0.3375 0.05703125 0.08125
1 0.7015625 0.8239583333333333 0.10078125 0.15
0 0.64140625 0.6333333333333333 0.02421875 0.041666666666666664
0 0.5609375 0.3729166666666667 0.02890625 0.0375
0 0.4890625 0.2635416666666667 0.021875 0.04479166666666667
0 0.26328125 0.11041666666666666 0.0296875 0.03854166666666667
0 0.32265625 0.13541666666666666 0.02734375 0.041666666666666664
0 0.29765625 0.14166666666666666 0.02265625 0.059375
0 0.4578125 0.34791666666666665 0.03203125 0.058333333333333334
0 0.1328125 0.36666666666666664 0.03515625 0.05416666666666667
0 0.19765625 0.2864583333333333 0.04296875 0.06041666666666667
0 0.25703125 0.27291666666666664 0.034375 0.05416666666666667
0 0.403125 0.5416666666666666 0.03984375 0.06041666666666667
0 0.3265625 0.9322916666666666 0.04609375 0.07604166666666666