0 0.728125 0.2635416666666667 0.03359375 0.041666666666666664
0 0.5703125 0.315625 0.0265625 0.04583333333333333
0 0.52265625 0.34375 0.02734375 0.046875
0 0.47109375 0.478125 0.02578125 0.052083333333333336
0 0.29375 0.64375 0.03515625 0.05416666666666667
0 0.2109375 0.9708333333333333 0.0421875 0.058333333333333334
0 0.3078125 0.9125 0.03984375 0.057291666666666664
0 0.5203125 0.6416666666666667 0.0390625 0.06354166666666666
0 0.93203125 0.36666666666666664 0.034375 0.05416666666666667
0 0.8109375 0.546875 0.03828125 0.0875
0 0.7265625 0.571875 0.03984375 0.0625
1 0.5015625 0.9260416666666667 0.06875 0.14791666666666667
1 0.61171875 0.6375 0.10625 0.090625
3 0.9484375 0.8802083333333334 0.103125 0.17708333333333334