3 0.92578125 0.746875 0.07265625 0.07604166666666666
1 0.48359375 0.6541666666666667 0.12265625 0.17708333333333334
1 0.6984375 0.8822916666666667 0.1 0.23541666666666666
0 0.23125 0.9666666666666667 0.03984375 0.06666666666666667
0 0.5640625 0.6104166666666667 0.03828125 0.046875
0 0.809375 0.571875 0.04765625 0.059375
0 0.98046875 0.5989583333333334 0.0390625 0.06041666666666667
0 0.925 0.5708333333333333 0.03828125 0.057291666666666664
0 0.86171875 0.5520833333333334 0.02734375 0.041666666666666664
0 0.853125 0.5052083333333334 0.02734375 0.05
0 0.59921875 0.3125 0.03828125 0.06875
0 0.1984375 0.5854166666666667 0.05234375 0.07916666666666666
0 0.2359375 0.421875 0.0328125 0.05416666666666667
0 0.396875 0.24166666666666667 0.04609375 0.053125
0 0.39140625 0.1875 0.03671875 0.058333333333333334
0 0.33984375 0.21875 0.03984375 0.05416666666666667
0 0.32578125 0.15416666666666667 0.02890625 0.042708333333333334
0 0.28125 0.175 0.02890625 0.05