0 0.30390625 0.7177083333333333 0.03125 0.04583333333333333
0 0.13203125 0.61875 0.025 0.0375
0 0.21484375 0.6208333333333333 0.0328125 0.042708333333333334
0 0.36875 0.5135416666666667 0.02421875 0.029166666666666667
0 0.88671875 0.17708333333333334 0.02734375 0.040625
0 0.55234375 0.4041666666666667 0.028125 0.035416666666666666
0 0.62734375 0.409375 0.04140625 0.06145833333333333
0 0.78125 0.609375 0.03984375 0.05520833333333333
0 0.2046875 0.9635416666666666 0.05390625 0.07291666666666667
0 0.10703125 0.9052083333333333 0.0375 0.058333333333333334
0 0.34296875 0.940625 0.03359375 0.05520833333333333
1 0.3390625 0.7333333333333333 0.0578125 0.06979166666666667
3 0.47578125 0.4635416666666667 0.04140625 0.04895833333333333
3 0.9765625 0.75625 0.04609375 0.11145833333333334
3 0.75390625 0.7010416666666667 0.0953125 0.11354166666666667