0 0.3109375 0.33958333333333335 0.02734375 0.04583333333333333
3 0.653125 0.6541666666666667 0.06796875 0.090625
0 0.478125 0.8270833333333333 0.04765625 0.078125
0 0.434375 0.8395833333333333 0.04296875 0.06979166666666667
0 0.58984375 0.68125 0.0390625 0.08854166666666667
0 0.6 0.5760416666666667 0.046875 0.07916666666666666
0 0.86875 0.2552083333333333 0.04921875 0.06770833333333333
0 0.91328125 0.09375 0.053125 0.08958333333333333
0 0.6546875 0.14479166666666668 0.0515625 0.059375
0 0.26484375 0.740625 0.03671875 0.053125
0 0.228125 0.6375 0.0359375 0.06145833333333333
0 0.19453125 0.6614583333333334 0.0265625 0.027083333333333334
0 0.20390625 0.5927083333333333 0.0390625 0.053125