1 0.12109375 0.5916666666666667 0.10703125 0.10833333333333334
3 0.425 0.8 0.04140625 0.053125
3 0.3828125 0.8520833333333333 0.04921875 0.0625
0 0.40078125 0.39375 0.028125 0.04583333333333333
0 0.04375 0.20520833333333333 0.02890625 0.03958333333333333
0 0.22421875 0.38333333333333336 0.0296875 0.0375
0 0.60703125 0.7197916666666667 0.02265625 0.0375
0 0.6859375 0.9322916666666666 0.03125 0.065625
0 0.66640625 0.9864583333333333 0.03203125 0.027083333333333334
0 0.628125 0.9177083333333333 0.0421875 0.06458333333333334
0 0.18203125 0.825 0.06015625 0.08020833333333334
0 0.10234375 0.8729166666666667 0.04921875 0.09166666666666666
2 0.51484375 0.865625 0.02890625 0.06041666666666667