3 0.228125 0.9666666666666667 0.06484375 0.06666666666666667
0 0.31796875 0.5125 0.02578125 0.04583333333333333
0 0.409375 0.49583333333333335 0.03046875 0.04583333333333333
0 0.3875 0.5760416666666667 0.02578125 0.053125
0 0.51953125 0.6208333333333333 0.034375 0.06458333333333334
0 0.6109375 0.3541666666666667 0.03515625 0.046875
0 0.64296875 0.27395833333333336 0.02734375 0.06875
0 0.92890625 0.29583333333333334 0.05546875 0.07604166666666666
0 0.73984375 0.6072916666666667 0.05078125 0.07916666666666666
0 0.80546875 0.6541666666666667 0.06328125 0.1125
0 0.81640625 0.8708333333333333 0.07890625 0.12916666666666668
3 0.6078125 0.8875 0.071875 0.07916666666666666