2 0.78203125 0.815625 0.0453125 0.06041666666666667
2 0.4328125 0.3177083333333333 0.03203125 0.057291666666666664
0 0.4390625 0.9322916666666666 0.090625 0.13541666666666666
0 0.5515625 0.9083333333333333 0.04921875 0.08958333333333333
0 0.6765625 0.7010416666666667 0.0546875 0.09375
0 0.2421875 0.9645833333333333 0.0625 0.07083333333333333
0 0.26328125 0.8614583333333333 0.05078125 0.08333333333333333
0 0.246875 0.7604166666666666 0.05078125 0.07395833333333333
0 0.30234375 0.6291666666666667 0.04609375 0.075
0 0.14765625 0.821875 0.04921875 0.07395833333333333
0 0.05234375 0.5041666666666667 0.059375 0.07604166666666666
0 0.24296875 0.29791666666666666 0.034375 0.052083333333333336
0 0.26015625 0.21145833333333333 0.03203125 0.04583333333333333
0 0.284375 0.14166666666666666 0.0265625 0.036458333333333336
0 0.53046875 0.05416666666666667 0.03515625 0.05625
0 0.06640625 0.35625 0.03359375 0.041666666666666664
3 0.11640625 0.4510416666666667 0.05859375 0.10520833333333333