3 0.484375 0.46041666666666664 0.10546875 0.09166666666666666
3 0.4328125 0.5354166666666667 0.0875 0.11354166666666667
3 0.58671875 0.325 0.0875 0.11145833333333334
3 0.809375 0.590625 0.06796875 0.13333333333333333
3 0.8421875 0.7510416666666667 0.09609375 0.16770833333333332
3 0.884375 0.8666666666666667 0.1015625 0.1625
3 0.578125 0.6416666666666667 0.06640625 0.11354166666666667
0 0.7875 0.15416666666666667 0.06640625 0.07604166666666666
0 0.46484375 0.12604166666666666 0.0515625 0.10833333333333334
0 0.390625 0.70625 0.084375 0.128125
0 0.48203125 0.778125 0.0640625 0.10416666666666667
0 0.50078125 0.5583333333333333 0.05390625 0.09375
0 0.61640625 0.534375 0.071875 0.12083333333333333
0 0.75234375 0.5020833333333333 0.059375 0.08645833333333333
2 0.853125 0.5625 0.02890625 0.06458333333333334
2 0.221875 0.5020833333333333 0.03046875 0.06145833333333333
2 0.44609375 0.2708333333333333 0.01953125 0.041666666666666664
0 0.6859375 0.08020833333333334 0.071875 0.08645833333333333