3 0.30078125 0.7416666666666667 0.078125 0.08020833333333334
3 0.1890625 0.5770833333333333 0.065625 0.06458333333333334
3 0.10078125 0.503125 0.04609375 0.051041666666666666
0 0.1578125 0.41458333333333336 0.02890625 0.042708333333333334
0 0.14375 0.4479166666666667 0.01875 0.023958333333333335
0 0.2015625 0.4791666666666667 0.0359375 0.04583333333333333
0 0.0640625 0.6697916666666667 0.03984375 0.041666666666666664
0 0.1296875 0.7604166666666666 0.040625 0.042708333333333334
0 0.203125 0.715625 0.03828125 0.057291666666666664
0 0.290625 0.790625 0.04296875 0.05625
0 0.365625 0.9052083333333333 0.03984375 0.06979166666666667
0 0.396875 0.5041666666666667 0.0296875 0.026041666666666668
0 0.43046875 0.4875 0.03515625 0.042708333333333334
0 0.46796875 0.5145833333333333 0.03125 0.03854166666666667
0 0.51484375 0.5791666666666667 0.0203125 0.03229166666666667
0 0.56796875 0.6145833333333334 0.02734375 0.04791666666666667
0 0.6015625 0.6635416666666667 0.02890625 0.05
0 0.61640625 0.690625 0.02890625 0.042708333333333334
0 0.6890625 0.778125 0.0515625 0.07083333333333333
0 0.5578125 0.8489583333333334 0.03828125 0.04583333333333333
0 0.63984375 0.875 0.046875 0.06666666666666667
0 0.66796875 0.9291666666666667 0.0375 0.04583333333333333
0 0.5203125 0.9791666666666666 0.05078125 0.041666666666666664