0 0.978125 0.6989583333333333 0.04296875 0.07916666666666666
0 0.75 0.284375 0.05 0.08854166666666667
3 0.39296875 0.33958333333333335 0.0640625 0.071875
3 0.52109375 0.4083333333333333 0.08359375 0.11145833333333334
3 0.459375 0.5114583333333333 0.0765625 0.10833333333333334
3 0.5484375 0.628125 0.06953125 0.09166666666666666
3 0.60546875 0.6322916666666667 0.05859375 0.11875
3 0.6078125 0.73125 0.04296875 0.10833333333333334
3 0.640625 0.784375 0.0484375 0.09583333333333334
3 0.76328125 0.7416666666666667 0.065625 0.10104166666666667
3 0.784375 0.8614583333333333 0.06953125 0.13854166666666667
0 0.69609375 0.959375 0.06640625 0.071875
0 0.62265625 0.953125 0.090625 0.09375
0 0.6390625 0.8645833333333334 0.0640625 0.10833333333333334
0 0.70546875 0.8875 0.06640625 0.12083333333333333
0 0.85 0.49166666666666664 0.0390625 0.06458333333333334
0 0.8109375 0.6614583333333334 0.0390625 0.084375
0 0.76953125 0.48541666666666666 0.046875 0.06666666666666667
0 0.66640625 0.653125 0.053125 0.06666666666666667
0 0.56015625 0.759375 0.0484375 0.071875
0 0.63828125 0.48541666666666666 0.0484375 0.08125
0 0.5546875 0.540625 0.040625 0.06458333333333334
0 0.471875 0.7552083333333334 0.05703125 0.084375
0 0.21953125 0.6708333333333333 0.0609375 0.09166666666666666
0 0.36015625 0.4583333333333333 0.04609375 0.06145833333333333
0 0.15 0.253125 0.05546875 0.08645833333333333
0 0.17890625 0.14479166666666668 0.05546875 0.06145833333333333
2 0.7078125 0.7552083333333334 0.01796875 0.05416666666666667
3 0.29140625 0.9364583333333333 0.0609375 0.12708333333333333