2 0.23984375 0.7927083333333333 0.0328125 0.04583333333333333
3 0.06875 0.8927083333333333 0.0828125 0.12395833333333334
0 0.1125 0.925 0.07578125 0.084375
0 0.58125 0.928125 0.05234375 0.08958333333333333
0 0.6203125 0.7072916666666667 0.03671875 0.06770833333333333
0 0.365625 0.675 0.02890625 0.053125
0 0.50859375 0.5041666666666667 0.03203125 0.053125
0 0.59296875 0.48020833333333335 0.02734375 0.03958333333333333
0 0.44296875 0.43333333333333335 0.02265625 0.03958333333333333
0 0.30390625 0.646875 0.03125 0.06041666666666667
0 0.34765625 0.60625 0.0203125 0.04583333333333333
0 0.2671875 0.5604166666666667 0.04453125 0.06770833333333333
0 0.26484375 0.46875 0.03515625 0.03958333333333333