0 0.75625 0.6760416666666667 0.03203125 0.053125
0 0.2640625 0.35 0.040625 0.075
0 0.484375 0.7833333333333333 0.05703125 0.075
0 0.53515625 0.678125 0.025 0.053125
0 0.53828125 0.7333333333333333 0.0328125 0.053125
0 0.5984375 0.7197916666666667 0.03203125 0.05520833333333333
0 0.6578125 0.775 0.03046875 0.06666666666666667
0 0.63984375 0.8104166666666667 0.0453125 0.06145833333333333
0 0.8640625 0.9020833333333333 0.04609375 0.07083333333333333
0 0.72265625 0.934375 0.05234375 0.09270833333333334
0 0.16484375 0.8447916666666667 0.06171875 0.07083333333333333
3 0.825 0.971875 0.0734375 0.05625
1 0.0609375 0.89375 0.121875 0.2125
1 0.628125 0.5270833333333333 0.06640625 0.09166666666666666