0 0.89375 0.4354166666666667 0.03984375 0.04895833333333333
0 0.92109375 0.46041666666666664 0.028125 0.04895833333333333
0 0.75625 0.4197916666666667 0.02578125 0.040625
0 0.7734375 0.48854166666666665 0.0328125 0.051041666666666666
0 0.603125 0.49583333333333335 0.02578125 0.05
0 0.5203125 0.6020833333333333 0.0359375 0.057291666666666664
3 0.8203125 0.7208333333333333 0.053125 0.07083333333333333
3 0.5640625 0.9708333333333333 0.06796875 0.058333333333333334
1 0.42578125 0.9541666666666667 0.10078125 0.090625
0 0.3640625 0.9614583333333333 0.03515625 0.06041666666666667
0 0.47734375 0.78125 0.04140625 0.05625