3 0.17578125 0.29791666666666666 0.0734375 0.15520833333333334
3 0.4515625 0.8572916666666667 0.08046875 0.16770833333333332
2 0.78203125 0.9291666666666667 0.03359375 0.071875
2 0.5453125 0.9802083333333333 0.02890625 0.03958333333333333
2 0.5046875 0.9822916666666667 0.02109375 0.034375
0 0.67578125 0.7791666666666667 0.0625 0.11145833333333334
0 0.328125 0.8583333333333333 0.05859375 0.09583333333333334
0 0.26640625 0.759375 0.06640625 0.15104166666666666
0 0.19765625 0.8947916666666667 0.0765625 0.12604166666666666
0 0.0703125 0.528125 0.0875 0.1875
0 0.8421875 0.290625 0.065625 0.10104166666666667
0 0.78828125 0.23541666666666666 0.04609375 0.06145833333333333