3 0.88515625 0.0625 0.0890625 0.09583333333333334
0 0.44765625 0.21354166666666666 0.02578125 0.0375
0 0.43046875 0.26875 0.0234375 0.042708333333333334
0 0.41171875 0.3072916666666667 0.02578125 0.034375
0 0.4859375 0.30416666666666664 0.0265625 0.0375
0 0.2078125 0.7052083333333333 0.01953125 0.0375
0 0.33359375 0.5041666666666667 0.02109375 0.04583333333333333
0 0.42578125 0.4791666666666667 0.034375 0.06041666666666667
0 0.9484375 0.09270833333333334 0.04453125 0.09791666666666667
0 0.75703125 0.5552083333333333 0.04375 0.06458333333333334
1 0.8296875 0.5864583333333333 0.1265625 0.08958333333333333
1 0.53046875 0.7447916666666666 0.11953125 0.09375
3 0.6375 0.44375 0.05234375 0.10104166666666667