3 0.21953125 0.1 0.05859375 0.05520833333333333
1 0.80859375 0.965625 0.10078125 0.06875
1 0.22265625 0.9645833333333333 0.1546875 0.07083333333333333
1 0.55625 0.30416666666666664 0.08828125 0.0875
0 0.37578125 0.30104166666666665 0.03125 0.03958333333333333
0 0.3984375 0.11875 0.0328125 0.06770833333333333
0 0.64296875 0.15729166666666666 0.034375 0.04895833333333333
3 0.72578125 0.16145833333333334 0.059375 0.075
3 0.97265625 0.853125 0.05390625 0.1375
3 0.2421875 0.5791666666666667 0.07265625 0.10208333333333333
0 0.28046875 0.29791666666666666 0.04765625 0.0875
0 0.70546875 0.25416666666666665 0.04453125 0.06458333333333334
0 0.6328125 0.528125 0.0515625 0.09166666666666666
0 0.48046875 0.684375 0.05234375 0.08333333333333333
0 0.309375 0.79375 0.0484375 0.08333333333333333
0 0.26640625 0.8770833333333333 0.05546875 0.07604166666666666
0 0.346875 0.8666666666666667 0.05390625 0.09375
0 0.55546875 0.88125 0.04921875 0.08645833333333333