0 0.603125 0.353125 0.02421875 0.04375
0 0.53515625 0.25729166666666664 0.01796875 0.034375
0 0.49375 0.29791666666666666 0.03046875 0.04583333333333333
0 0.26640625 0.20520833333333333 0.0203125 0.03333333333333333
0 0.20859375 0.17916666666666667 0.03359375 0.036458333333333336
0 0.21953125 0.3375 0.03203125 0.04479166666666667
0 0.35234375 0.45729166666666665 0.028125 0.058333333333333334
0 0.36484375 0.5322916666666667 0.03671875 0.05
0 0.81484375 0.790625 0.0375 0.05625
0 0.315625 0.834375 0.04140625 0.06354166666666666
0 0.24453125 0.9541666666666667 0.03828125 0.05625
3 0.396875 0.734375 0.0609375 0.05