0 0.82890625 0.9333333333333333 0.05234375 0.07083333333333333
0 0.72890625 0.9697916666666667 0.04375 0.06041666666666667
0 0.97578125 0.7875 0.04375 0.057291666666666664
0 0.93515625 0.6958333333333333 0.03984375 0.05416666666666667
0 0.93046875 0.6552083333333333 0.0453125 0.05520833333333333
0 0.87109375 0.7072916666666667 0.04921875 0.04583333333333333
0 0.559375 0.8052083333333333 0.03828125 0.057291666666666664
0 0.48203125 0.8885416666666667 0.03046875 0.05625
0 0.3265625 0.8739583333333333 0.0671875 0.09375
0 0.46796875 0.765625 0.04609375 0.06458333333333334
0 0.13671875 0.7458333333333333 0.04140625 0.04375
0 0.4 0.6364583333333333 0.02421875 0.04583333333333333
0 0.48125 0.6135416666666667 0.03671875 0.034375
0 0.53125 0.5604166666666667 0.03359375 0.03958333333333333
0 0.61640625 0.5302083333333333 0.02421875 0.0375
0 0.63203125 0.553125 0.02578125 0.03229166666666667
0 0.6828125 0.6239583333333333 0.02421875 0.040625
0 0.66875 0.5135416666666667 0.03671875 0.05
0 0.4390625 0.503125 0.02265625 0.035416666666666666
0 0.40390625 0.44895833333333335 0.03828125 0.051041666666666666
0 0.346875 0.42916666666666664 0.02890625 0.0375
0 0.30703125 0.4322916666666667 0.02578125 0.029166666666666667
0 0.2671875 0.5166666666666667 0.02265625 0.03229166666666667
0 0.2390625 0.4239583333333333 0.0296875 0.035416666666666666
0 0.26328125 0.3958333333333333 0.02265625 0.035416666666666666
0 0.19609375 0.496875 0.02734375 0.040625
0 0.11484375 0.509375 0.03359375 0.0375
0 0.11875 0.47604166666666664 0.02734375 0.0375
1 0.56484375 0.5885416666666666 0.07109375 0.04375
1 0.58515625 0.9229166666666667 0.11875 0.10833333333333334
3 0.23828125 0.6416666666666667 0.06015625 0.078125
3 0.6515625 0.6833333333333333 0.06328125 0.065625
3 0.76328125 0.653125 0.04765625 0.05625
3 0.3328125 0.3697916666666667 0.04140625 0.04583333333333333
3 0.0640625 0.8114583333333333 0.04921875 0.06875