3 0.3171875 0.078125 0.0625 0.10104166666666667
2 0.37890625 0.9510416666666667 0.03359375 0.059375
2 0.709375 0.71875 0.0375 0.059375
0 0.5625 0.94375 0.071875 0.1125
0 0.30390625 0.8583333333333333 0.075 0.115625
0 0.140625 0.5625 0.0765625 0.11875
0 0.628125 0.59375 0.05703125 0.10625
0 0.58046875 0.6625 0.05859375 0.071875
0 0.5921875 0.45416666666666666 0.05703125 0.09895833333333333
0 0.65625 0.2760416666666667 0.040625 0.059375
0 0.7125 0.15416666666666667 0.046875 0.07604166666666666
3 0.0546875 0.7041666666666667 0.0984375 0.16770833333333332
3 0.13984375 0.6854166666666667 0.0875 0.12083333333333333