3 0.371875 0.3541666666666667 0.0609375 0.08125
3 0.0515625 0.8416666666666667 0.05546875 0.10833333333333334
0 0.659375 0.240625 0.0484375 0.09583333333333334
0 0.75078125 0.26666666666666666 0.0765625 0.12395833333333334
0 0.79609375 0.378125 0.0609375 0.10833333333333334
0 0.95390625 0.4114583333333333 0.0640625 0.140625
0 0.62109375 0.5916666666666667 0.0640625 0.11145833333333334
0 0.61796875 0.8395833333333333 0.05859375 0.11875
2 0.9078125 0.30416666666666664 0.04609375 0.05416666666666667
2 0.88046875 0.37604166666666666 0.03359375 0.046875
2 0.65390625 0.5385416666666667 0.025 0.034375