0 0.48515625 0.6979166666666666 0.0765625 0.175
0 0.80625 0.31354166666666666 0.115625 0.128125
0 0.671875 0.28854166666666664 0.0859375 0.17291666666666666
0 0.38828125 0.7864583333333334 0.090625 0.15520833333333334
0 0.30625 0.6645833333333333 0.10703125 0.17291666666666666
0 0.2375 0.59375 0.10546875 0.13541666666666666
0 0.090625 0.51875 0.128125 0.11875
0 0.18828125 0.384375 0.159375 0.23958333333333334
0 0.09609375 0.06041666666666667 0.1109375 0.09166666666666666
0 0.271875 0.19479166666666667 0.0640625 0.11875
0 0.34921875 0.31145833333333334 0.07890625 0.128125
0 0.49296875 0.1625 0.078125 0.11875
0 0.67265625 0.5020833333333333 0.07890625 0.10625
2 0.4234375 0.540625 0.05859375 0.07916666666666666