0 0.96953125 0.35104166666666664 0.03984375 0.05416666666666667
0 0.79140625 0.19270833333333334 0.03125 0.04375
0 0.28125 0.3489583333333333 0.0296875 0.04375
0 0.32734375 0.390625 0.03046875 0.053125
0 0.1234375 0.45 0.04296875 0.06354166666666666
0 0.11328125 0.5947916666666667 0.03828125 0.05416666666666667
0 0.49375 0.5375 0.02578125 0.053125
0 0.5265625 0.5104166666666666 0.0375 0.053125
0 0.68203125 0.36770833333333336 0.02734375 0.04791666666666667
0 0.7203125 0.31354166666666666 0.03515625 0.041666666666666664
0 0.7640625 0.296875 0.03359375 0.042708333333333334
0 0.9140625 0.509375 0.03046875 0.05625
0 0.8828125 0.775 0.03828125 0.06875
0 0.54765625 0.9822916666666667 0.05078125 0.035416666666666666
1 0.49296875 0.85625 0.14453125 0.17291666666666666
3 0.3484375 0.5989583333333334 0.04765625 0.05
3 0.19921875 0.5208333333333334 0.0546875 0.0625