3 0.07109375 0.41458333333333336 0.096875 0.153125
3 0.45546875 0.9541666666666667 0.153125 0.09166666666666666
3 0.7890625 0.8677083333333333 0.08046875 0.17083333333333334
3 0.840625 0.6802083333333333 0.09140625 0.13541666666666666
3 0.80234375 0.32395833333333335 0.0984375 0.14791666666666667
3 0.390625 0.7260416666666667 0.06640625 0.128125
3 0.3328125 0.5947916666666667 0.084375 0.12395833333333334
3 0.721875 0.478125 0.103125 0.16041666666666668
3 0.659375 0.19479166666666667 0.08203125 0.128125
3 0.446875 0.08645833333333333 0.08359375 0.09895833333333333
3 0.2953125 0.146875 0.08203125 0.10625
0 0.609375 0.3645833333333333 0.0625 0.10104166666666667
0 0.978125 0.5135416666666667 0.04296875 0.12395833333333334
0 0.8609375 0.58125 0.05546875 0.08645833333333333
0 0.71953125 0.8458333333333333 0.0859375 0.13125
0 0.4296875 0.60625 0.07890625 0.12604166666666666
0 0.04609375 0.890625 0.0890625 0.13125
0 0.3796875 0.04895833333333333 0.08203125 0.07395833333333333
2 0.30859375 0.6760416666666667 0.03046875 0.059375
2 0.52890625 0.36875 0.0359375 0.052083333333333336
2 0.696875 0.559375 0.03046875 0.0375