3 0.23671875 0.23333333333333334 0.07734375 0.06979166666666667
1 0.14921875 0.1 0.07890625 0.08645833333333333
1 0.5171875 0.553125 0.08046875 0.06458333333333334
1 0.51796875 0.84375 0.1203125 0.3125
1 0.49765625 0.9010416666666666 0.06328125 0.196875
0 0.9203125 0.5145833333333333 0.021875 0.05416666666666667
0 0.90546875 0.4322916666666667 0.03203125 0.06458333333333334
0 0.79921875 0.24375 0.0359375 0.042708333333333334
0 0.6453125 0.22916666666666666 0.02578125 0.05
0 0.55546875 0.08125 0.0375 0.057291666666666664
0 0.490625 0.057291666666666664 0.01953125 0.034375
0 0.4 0.10416666666666667 0.02421875 0.05
0 0.3484375 0.221875 0.02421875 0.042708333333333334
0 0.29140625 0.040625 0.02578125 0.04583333333333333
0 0.171875 0.16875 0.05234375 0.075
0 0.06953125 0.7520833333333333 0.0796875 0.11458333333333333