3 0.55390625 0.9145833333333333 0.0890625 0.17083333333333334
0 0.14609375 0.15104166666666666 0.0859375 0.1625
0 0.39140625 0.6875 0.075 0.115625
0 0.478125 0.709375 0.06640625 0.10625
0 0.57421875 0.5989583333333334 0.059375 0.12083333333333333
0 0.665625 0.7729166666666667 0.0625 0.10833333333333334
0 0.20859375 0.875 0.1 0.14583333333333334
0 0.78203125 0.840625 0.06953125 0.12604166666666666
0 0.6390625 0.353125 0.0640625 0.10416666666666667
0 0.646875 0.578125 0.0359375 0.09375
0 0.71328125 0.39375 0.0484375 0.140625
0 0.746875 0.3177083333333333 0.04453125 0.11145833333333334
0 0.71796875 0.23958333333333334 0.053125 0.09895833333333333
0 0.734375 0.14791666666666667 0.0609375 0.08854166666666667