3 0.65859375 0.5520833333333334 0.05078125 0.051041666666666666
3 0.421875 0.8875 0.06953125 0.10208333333333333
3 0.48984375 0.878125 0.0734375 0.09375
0 0.23359375 0.32395833333333335 0.03359375 0.04583333333333333
0 0.26640625 0.3416666666666667 0.02734375 0.03854166666666667
0 0.38984375 0.49166666666666664 0.02421875 0.05
0 0.3078125 0.48125 0.02578125 0.04583333333333333
0 0.07109375 0.6 0.0421875 0.058333333333333334
0 0.04375 0.7 0.0765625 0.08020833333333334
0 0.115625 0.9197916666666667 0.07109375 0.11145833333333334
0 0.35859375 0.6041666666666666 0.05546875 0.06458333333333334
0 0.69375 0.36666666666666664 0.02421875 0.035416666666666666
0 0.71953125 0.45208333333333334 0.03046875 0.058333333333333334
0 0.68203125 0.6083333333333333 0.040625 0.05416666666666667
0 0.63984375 0.6583333333333333 0.05078125 0.08333333333333333
0 0.55859375 0.7166666666666667 0.03671875 0.0625
0 0.56328125 0.778125 0.03515625 0.0625