3 0.7515625 0.5541666666666667 0.04921875 0.0625
1 0.30625 0.9333333333333333 0.07578125 0.1125
0 0.321875 0.6635416666666667 0.01796875 0.03854166666666667
0 0.36953125 0.6260416666666667 0.02265625 0.036458333333333336
0 0.80390625 0.19791666666666666 0.02578125 0.040625
0 0.80234375 0.2625 0.02890625 0.04583333333333333
0 0.77734375 0.334375 0.02734375 0.04895833333333333
0 0.68046875 0.48333333333333334 0.03359375 0.046875
0 0.51484375 0.5583333333333333 0.03515625 0.053125
0 0.3703125 0.9354166666666667 0.03671875 0.065625
0 0.72265625 0.7541666666666667 0.03515625 0.06875
0 0.89375 0.5916666666666667 0.04609375 0.07083333333333333
0 0.93046875 0.6739583333333333 0.04140625 0.051041666666666666