0 0.2375 0.121875 0.13046875 0.2
0 0.240625 0.9572916666666667 0.096875 0.08541666666666667
0 0.0546875 0.765625 0.0984375 0.18229166666666666
0 0.84609375 0.6427083333333333 0.06953125 0.10625
0 0.934375 0.5791666666666667 0.0890625 0.140625
0 0.90703125 0.37916666666666665 0.08046875 0.13541666666666666
0 0.48828125 0.778125 0.0765625 0.14791666666666667
0 0.34453125 0.36666666666666664 0.078125 0.140625
0 0.1984375 0.325 0.078125 0.175
3 0.240625 0.5 0.13046875 0.20520833333333333
3 0.334375 0.5208333333333334 0.090625 0.153125