0 0.66328125 0.6291666666666667 0.03359375 0.035416666666666666
0 0.74609375 0.7677083333333333 0.028125 0.05416666666666667
0 0.515625 0.6114583333333333 0.02734375 0.04375
0 0.9375 0.9552083333333333 0.05078125 0.08125
0 0.15625 0.39895833333333336 0.03203125 0.06458333333333334
0 0.3890625 0.7166666666666667 0.03828125 0.0625
0 0.29375 0.7791666666666667 0.0359375 0.04583333333333333
0 0.29140625 0.7177083333333333 0.02890625 0.03958333333333333
0 0.39765625 0.9583333333333334 0.046875 0.05625
0 0.546875 0.9322916666666666 0.06796875 0.11041666666666666
0 0.6375 0.821875 0.0453125 0.0625
3 0.11484375 0.45 0.05390625 0.053125