3 0.14375 0.16145833333333334 0.09609375 0.12083333333333333
3 0.04375 0.7375 0.084375 0.15520833333333334
3 0.11171875 0.8614583333333333 0.1015625 0.13854166666666667
3 0.37578125 0.24479166666666666 0.07109375 0.10833333333333334
3 0.5234375 0.346875 0.09140625 0.14583333333333334
3 0.446875 0.484375 0.109375 0.13333333333333333
3 0.55390625 0.6645833333333333 0.08359375 0.14791666666666667
3 0.778125 0.7291666666666666 0.09140625 0.14583333333333334
3 0.7796875 0.8489583333333334 0.05703125 0.10416666666666667
3 0.81484375 0.9375 0.0734375 0.125
0 0.153125 0.7083333333333334 0.075 0.12395833333333334
0 0.81796875 0.175 0.05 0.09375
0 0.92109375 0.478125 0.05859375 0.06666666666666667
0 0.334375 0.40625 0.046875 0.09166666666666666
0 0.828125 0.446875 0.05859375 0.084375
0 0.67890625 0.45416666666666666 0.05859375 0.084375
0 0.58125 0.5385416666666667 0.065625 0.09375
0 0.86953125 0.7020833333333333 0.053125 0.10104166666666667
0 0.46171875 0.834375 0.065625 0.12395833333333334
0 0.56015625 0.8354166666666667 0.06796875 0.12604166666666666
0 0.7390625 0.959375 0.075 0.08125
0 0.06640625 0.11979166666666667 0.09453125 0.13125
2 0.43125 0.58125 0.02890625 0.046875
2 0.253125 0.4375 0.0359375 0.05416666666666667