0 0.23671875 0.40625 0.03203125 0.0625
0 0.40703125 0.4041666666666667 0.03203125 0.040625
0 0.92890625 0.7208333333333333 0.04140625 0.057291666666666664
0 0.89375 0.7239583333333334 0.03046875 0.07291666666666667
0 0.1125 0.5947916666666667 0.03359375 0.04791666666666667
0 0.225 0.840625 0.05 0.07916666666666666
0 0.5359375 0.7791666666666667 0.0421875 0.059375
0 0.39375 0.6145833333333334 0.0265625 0.053125
0 0.4328125 0.51875 0.02421875 0.046875
0 0.609375 0.58125 0.0265625 0.042708333333333334
0 0.62421875 0.528125 0.0203125 0.040625
0 0.44765625 0.44895833333333335 0.0265625 0.04375
0 0.22734375 0.6604166666666667 0.04453125 0.04583333333333333
0 0.1515625 0.721875 0.04765625 0.059375
0 0.24921875 0.525 0.02578125 0.03125
1 0.79375 0.715625 0.1171875 0.13541666666666666