1 0.8125 0.61875 0.08203125 0.053125
1 0.71171875 0.6385416666666667 0.071875 0.084375
0 0.39609375 0.440625 0.0234375 0.030208333333333334
0 0.68984375 0.45625 0.03046875 0.034375
0 0.60546875 0.5916666666666667 0.028125 0.034375
0 0.6109375 0.621875 0.02734375 0.03958333333333333
0 0.56328125 0.5875 0.028125 0.05
0 0.4453125 0.7354166666666667 0.02578125 0.05
0 0.346875 0.9072916666666667 0.04609375 0.05416666666666667
1 0.778125 0.5572916666666666 0.065625 0.07083333333333333
1 0.71484375 0.8583333333333333 0.1078125 0.0625
1 0.45703125 0.6958333333333333 0.06484375 0.052083333333333336
1 0.29609375 0.865625 0.059375 0.16770833333333332
3 0.50546875 0.5614583333333333 0.04296875 0.052083333333333336
3 0.19296875 0.725 0.08515625 0.08854166666666667
3 0.8234375 0.7916666666666666 0.07734375 0.071875