1 0.3953125 0.2552083333333333 0.05703125 0.165625
2 0.51640625 0.325 0.0359375 0.07604166666666666
2 0.353125 0.7854166666666667 0.03359375 0.06458333333333334
2 0.0453125 0.8479166666666667 0.0515625 0.057291666666666664
0 0.51484375 0.9697916666666667 0.0515625 0.06041666666666667
0 0.4296875 0.6854166666666667 0.04296875 0.09583333333333334
0 0.5625 0.5947916666666667 0.05 0.08854166666666667
0 0.721875 0.81875 0.10546875 0.175
0 0.64296875 0.7395833333333334 0.05546875 0.12083333333333333
0 0.584375 0.7458333333333333 0.0375 0.10416666666666667
3 0.3953125 0.790625 0.0625 0.10833333333333334
3 0.478125 0.31145833333333334 0.05546875 0.12395833333333334