3 0.5796875 0.840625 0.07421875 0.103125
0 0.4703125 0.43645833333333334 0.02265625 0.0375
0 0.2046875 0.471875 0.04296875 0.0875
0 0.86015625 0.44166666666666665 0.03046875 0.057291666666666664
0 0.84921875 0.503125 0.03671875 0.05625
0 0.6625 0.36354166666666665 0.0296875 0.059375
0 0.66484375 0.4354166666666667 0.03203125 0.0625
0 0.62109375 0.5208333333333334 0.0359375 0.0625
0 0.465625 0.5458333333333333 0.0375 0.04791666666666667
0 0.40546875 0.5979166666666667 0.04296875 0.0625
0 0.4875 0.6947916666666667 0.04921875 0.07708333333333334
0 0.2203125 0.7229166666666667 0.05625 0.07916666666666666
0 0.78203125 0.6708333333333333 0.05 0.06041666666666667
0 0.7859375 0.9708333333333333 0.07890625 0.058333333333333334