1 0.4359375 0.7375 0.07109375 0.21770833333333334
0 0.453125 0.9822916666666667 0.04375 0.035416666666666666
0 0.0359375 0.7208333333333333 0.03359375 0.05520833333333333
0 0.05625 0.3385416666666667 0.03671875 0.051041666666666666
0 0.3765625 0.41041666666666665 0.03984375 0.06354166666666666
0 0.565625 0.30833333333333335 0.02890625 0.03333333333333333
0 0.53671875 0.321875 0.04375 0.06145833333333333
0 0.596875 0.14375 0.03203125 0.03958333333333333
0 0.6875 0.2552083333333333 0.034375 0.06145833333333333
0 0.80859375 0.5052083333333334 0.040625 0.04583333333333333
0 0.58671875 0.5916666666666667 0.06796875 0.115625
3 0.05546875 0.8020833333333334 0.05546875 0.08541666666666667
3 0.45234375 0.3802083333333333 0.03125 0.04583333333333333
3 0.8109375 0.325 0.0578125 0.10416666666666667
3 0.39609375 0.6322916666666667 0.05390625 0.07916666666666666
1 0.62265625 0.5114583333333333 0.11015625 0.12604166666666666
0 0.12734375 0.39375 0.02421875 0.04583333333333333
0 0.246875 0.2 0.03828125 0.051041666666666666
0 0.36875 0.23125 0.02265625 0.04791666666666667