3 0.81953125 0.2791666666666667 0.034375 0.06041666666666667
3 0.29296875 0.03229166666666667 0.05390625 0.059375
0 0.78515625 0.30416666666666664 0.03203125 0.05416666666666667
0 0.5484375 0.165625 0.0359375 0.06041666666666667
0 0.37265625 0.4395833333333333 0.03671875 0.06041666666666667
0 0.5875 0.453125 0.03828125 0.065625
0 0.51484375 0.6979166666666666 0.0375 0.07916666666666666
1 0.60703125 0.271875 0.065625 0.09895833333333333
1 0.41328125 0.29270833333333335 0.08203125 0.11770833333333333
1 0.1515625 0.503125 0.12421875 0.08541666666666667
3 0.4953125 0.28020833333333334 0.03828125 0.06666666666666667