2 0.55859375 0.30416666666666664 0.03515625 0.05625
2 0.41796875 0.759375 0.028125 0.05
2 0.43203125 0.6541666666666667 0.03203125 0.058333333333333334
2 0.3203125 0.4125 0.03984375 0.05520833333333333
0 0.5375 0.7572916666666667 0.0625 0.12291666666666666
0 0.503125 0.2947916666666667 0.0375 0.090625
0 0.5515625 0.17604166666666668 0.03515625 0.05416666666666667
0 0.60390625 0.11041666666666666 0.0265625 0.051041666666666666
0 0.64609375 0.17916666666666667 0.0375 0.059375
0 0.75546875 0.25416666666666665 0.03359375 0.07083333333333333
0 0.875 0.22604166666666667 0.04140625 0.0625
1 0.196875 0.14479166666666668 0.1109375 0.08229166666666667