0 0.60703125 0.2125 0.02734375 0.03854166666666667
0 0.47265625 0.2791666666666667 0.01875 0.03229166666666667
0 0.7796875 0.22916666666666666 0.02578125 0.0375
0 0.8203125 0.209375 0.03515625 0.04583333333333333
0 0.87578125 0.23645833333333333 0.02890625 0.05
0 0.01953125 0.44166666666666665 0.0328125 0.05
0 0.384375 0.36041666666666666 0.0328125 0.040625
0 0.36875 0.2677083333333333 0.03359375 0.05625
0 0.1921875 0.40208333333333335 0.0359375 0.05416666666666667
0 0.10390625 0.7770833333333333 0.04375 0.059375
0 0.36484375 0.5 0.03046875 0.046875
0 0.853125 0.4791666666666667 0.03515625 0.07395833333333333
0 0.796875 0.4895833333333333 0.04375 0.05625
0 0.90078125 0.63125 0.05546875 0.08020833333333334
0 0.4671875 0.69375 0.05078125 0.06770833333333333
0 0.61875 0.796875 0.075 0.11979166666666667
0 0.26875 0.9395833333333333 0.046875 0.09583333333333334
3 0.328125 0.7989583333333333 0.08515625 0.115625