0 0.6734375 0.1375 0.02890625 0.052083333333333336
2 0.70703125 0.44895833333333335 0.0171875 0.04375
2 0.24765625 0.3489583333333333 0.05078125 0.05625
2 0.125 0.54375 0.0546875 0.07395833333333333
1 0.63125 0.4010416666666667 0.11015625 0.203125
0 0.40234375 0.7020833333333333 0.1328125 0.22083333333333333
0 0.05 0.725 0.09921875 0.15208333333333332
0 0.03515625 0.521875 0.06953125 0.2375
0 0.80078125 0.3875 0.05 0.08333333333333333
0 0.93671875 0.5145833333333333 0.03984375 0.08229166666666667
0 0.96875 0.584375 0.03359375 0.07083333333333333
0 0.290625 0.240625 0.06015625 0.09479166666666666
0 0.3203125 0.14583333333333334 0.07578125 0.12916666666666668