3 0.96015625 0.8572916666666667 0.07890625 0.20729166666666668
3 0.74296875 0.6416666666666667 0.121875 0.221875
3 0.85546875 0.840625 0.13046875 0.225
3 0.77734375 0.921875 0.12109375 0.15520833333333334
0 0.3671875 0.18645833333333334 0.08203125 0.15520833333333334
0 0.30546875 0.18125 0.05 0.15104166666666666
0 0.4390625 0.340625 0.05859375 0.11354166666666667
0 0.459375 0.6197916666666666 0.0515625 0.10416666666666667
0 0.6671875 0.753125 0.10390625 0.153125
0 0.64453125 0.184375 0.075 0.15104166666666666
0 0.925 0.253125 0.09140625 0.18020833333333333
0 0.8625 0.446875 0.09453125 0.14791666666666667
0 0.953125 0.6125 0.07109375 0.15833333333333333
3 0.65234375 0.34479166666666666 0.12890625 0.14583333333333334
3 0.56328125 0.4 0.1015625 0.11354166666666667
3 0.565625 0.5520833333333334 0.07890625 0.10625
3 0.528125 0.6864583333333333 0.071875 0.10833333333333334
3 0.48125 0.8041666666666667 0.0984375 0.15520833333333334
3 0.609375 0.9302083333333333 0.0875 0.13958333333333334
3 0.26171875 0.8625 0.109375 0.209375
3 0.32421875 0.42916666666666664 0.07890625 0.10833333333333334