3 0.65546875 0.83125 0.05234375 0.06770833333333333
3 0.64453125 0.921875 0.05234375 0.08125
3 0.2296875 0.9125 0.07109375 0.11458333333333333
0 0.4046875 0.3125 0.02734375 0.0625
0 0.38828125 0.44166666666666665 0.02890625 0.046875
0 0.82734375 0.559375 0.03203125 0.06354166666666666
0 0.6203125 0.425 0.02421875 0.04375
0 0.590625 0.5666666666666667 0.03671875 0.05520833333333333
0 0.75859375 0.6395833333333333 0.03359375 0.08229166666666667
0 0.69296875 0.6270833333333333 0.03515625 0.08541666666666667
0 0.92265625 0.8645833333333334 0.05546875 0.10208333333333333
0 0.89921875 0.7604166666666666 0.03671875 0.05416666666666667
0 0.125 0.5041666666666667 0.05078125 0.07395833333333333
0 0.34765625 0.515625 0.03671875 0.06875
0 0.4109375 0.6125 0.0484375 0.08541666666666667