3 0.05 0.515625 0.06640625 0.128125
3 0.86796875 0.734375 0.08046875 0.12604166666666666
3 0.7765625 0.8791666666666667 0.078125 0.14270833333333333
0 0.49609375 0.40520833333333334 0.046875 0.07395833333333333
0 0.53671875 0.334375 0.0515625 0.10104166666666667
0 0.484375 0.2125 0.046875 0.09375
0 0.5203125 0.0375 0.040625 0.06875
0 0.83984375 0.053125 0.059375 0.09166666666666666
0 0.93046875 0.32708333333333334 0.05859375 0.09166666666666666
0 0.215625 0.89375 0.075 0.13333333333333333
0 0.24765625 0.646875 0.07109375 0.11354166666666667
0 0.5 0.6395833333333333 0.05546875 0.08854166666666667
0 0.49765625 0.7260416666666667 0.059375 0.09375
0 0.61640625 0.8020833333333334 0.05546875 0.10416666666666667
2 0.328125 0.7135416666666666 0.034375 0.03958333333333333