0 0.059375 0.3697916666666667 0.02890625 0.0375
0 0.19609375 0.36875 0.02890625 0.05
0 0.22890625 0.5083333333333333 0.03046875 0.04791666666666667
0 0.39765625 0.24375 0.02421875 0.04479166666666667
0 0.63125 0.09895833333333333 0.03671875 0.042708333333333334
0 0.58828125 0.23333333333333334 0.02421875 0.042708333333333334
0 0.71796875 0.10208333333333333 0.02734375 0.04791666666666667
0 0.696875 0.1875 0.03515625 0.06979166666666667
0 0.8140625 0.1125 0.03515625 0.04583333333333333
0 0.878125 0.10416666666666667 0.04140625 0.052083333333333336
0 0.9046875 0.40208333333333335 0.06875 0.09895833333333333
0 0.246875 0.75625 0.03828125 0.04583333333333333
3 0.3 0.7114583333333333 0.0390625 0.06666666666666667