1 0.496875 0.5020833333333333 0.12109375 0.13541666666666666
3 0.8890625 0.778125 0.06953125 0.17291666666666666
3 0.76953125 0.7604166666666666 0.09453125 0.13854166666666667
3 0.8625 0.5052083333333334 0.125 0.14583333333333334
3 0.59453125 0.5260416666666666 0.08046875 0.10833333333333334
3 0.50390625 0.28229166666666666 0.08046875 0.14583333333333334
3 0.45390625 0.35208333333333336 0.1109375 0.13541666666666666
3 0.62421875 0.125 0.115625 0.140625
0 0.38203125 0.559375 0.075 0.16041666666666668
0 0.484375 0.646875 0.0625 0.07916666666666666
0 0.521875 0.3927083333333333 0.0484375 0.084375
0 0.65390625 0.3885416666666667 0.06953125 0.15520833333333334
0 0.8140625 0.36666666666666664 0.05859375 0.09166666666666666
2 0.91953125 0.4583333333333333 0.0359375 0.071875
2 0.20625 0.2989583333333333 0.02890625 0.04895833333333333
0 0.27265625 0.8927083333333333 0.0734375 0.13541666666666666