1 0.67265625 0.5927083333333333 0.06640625 0.140625
0 0.1046875 0.4083333333333333 0.02109375 0.030208333333333334
0 0.11953125 0.5322916666666667 0.03125 0.04375
0 0.74296875 0.253125 0.02421875 0.030208333333333334
0 0.52578125 0.3302083333333333 0.03046875 0.0375
0 0.45234375 0.359375 0.02109375 0.035416666666666666
0 0.3421875 0.271875 0.03125 0.04583333333333333
0 0.3140625 0.3333333333333333 0.034375 0.046875
0 0.325 0.41458333333333336 0.02265625 0.04583333333333333
0 0.31328125 0.43854166666666666 0.02734375 0.04895833333333333
0 0.2703125 0.46875 0.03828125 0.04583333333333333
0 0.378125 0.6166666666666667 0.0359375 0.041666666666666664
0 0.9609375 0.521875 0.04375 0.040625
0 0.5453125 0.42291666666666666 0.0453125 0.05416666666666667
0 0.978125 0.6239583333333333 0.04375 0.06458333333333334
0 0.5046875 0.640625 0.03984375 0.06979166666666667
1 0.74296875 0.38229166666666664 0.04921875 0.08125
1 0.6984375 0.4166666666666667 0.06953125 0.06354166666666666
1 0.190625 0.9614583333333333 0.0625 0.07708333333333334
3 0.66953125 0.9197916666666667 0.04609375 0.06354166666666666
3 0.340625 0.6927083333333334 0.03046875 0.04583333333333333
0 0.24453125 0.3416666666666667 0.02421875 0.04583333333333333
0 0.425 0.165625 0.02890625 0.03854166666666667