2 0.2078125 0.8927083333333333 0.0421875 0.04583333333333333
2 0.2125 0.6135416666666667 0.0328125 0.051041666666666666
1 0.80546875 0.6666666666666666 0.09453125 0.22916666666666666
1 0.546875 0.7427083333333333 0.11484375 0.12708333333333333
0 0.3609375 0.5229166666666667 0.0375 0.046875
0 0.34765625 0.5635416666666667 0.0265625 0.05416666666666667
0 0.3421875 0.63125 0.028125 0.058333333333333334
0 0.5390625 0.3625 0.04609375 0.06770833333333333
0 0.52890625 0.24583333333333332 0.02734375 0.05520833333333333
0 0.51875 0.19375 0.02734375 0.03229166666666667
0 0.51875 0.1625 0.0203125 0.03333333333333333
0 0.5953125 0.159375 0.01953125 0.036458333333333336
0 0.584375 0.11979166666666667 0.0171875 0.03333333333333333
0 0.56953125 0.09791666666666667 0.02265625 0.023958333333333335
0 0.78515625 0.12395833333333334 0.02109375 0.030208333333333334
0 0.740625 0.13020833333333334 0.02421875 0.03958333333333333
0 0.78515625 0.08020833333333334 0.01953125 0.0375
0 0.76171875 0.071875 0.02109375 0.027083333333333334
0 0.74296875 0.09375 0.01953125 0.021875
1 0.684375 0.1125 0.05703125 0.040625