3 0.728125 0.9052083333333333 0.09921875 0.18854166666666666
1 0.3671875 0.10416666666666667 0.11484375 0.1125
1 0.14765625 0.18541666666666667 0.15703125 0.09791666666666667
0 0.059375 0.44895833333333335 0.03984375 0.0625
0 0.3640625 0.5541666666666667 0.04921875 0.07291666666666667
0 0.4734375 0.5885416666666666 0.03828125 0.058333333333333334
0 0.25078125 0.6895833333333333 0.05546875 0.075
0 0.271875 0.7791666666666667 0.05546875 0.078125
0 0.4578125 0.815625 0.05859375 0.07916666666666666
0 0.56171875 0.2625 0.03359375 0.059375
0 0.7265625 0.61875 0.04609375 0.08125
0 0.95234375 0.7625 0.04296875 0.071875
0 0.6078125 0.9510416666666667 0.0703125 0.096875