0 0.1171875 0.33125 0.0359375 0.04895833333333333
0 0.740625 0.36875 0.04765625 0.084375
1 0.3359375 0.5510416666666667 0.10859375 0.08020833333333334
0 0.19921875 0.425 0.0375 0.053125
0 0.22890625 0.16041666666666668 0.021875 0.05625
0 0.35078125 0.04375 0.03046875 0.034375
0 0.37578125 0.203125 0.03046875 0.04583333333333333
0 0.5625 0.23958333333333334 0.0359375 0.035416666666666666
0 0.6234375 0.378125 0.0359375 0.06145833333333333
0 0.16015625 0.8458333333333333 0.06484375 0.1125
1 0.840625 0.5322916666666667 0.08046875 0.13333333333333333