1 0.6796875 0.9333333333333333 0.06953125 0.12083333333333333
3 0.0734375 0.15833333333333333 0.04765625 0.06145833333333333
1 0.8234375 0.5166666666666667 0.09765625 0.10416666666666667
1 0.528125 0.47291666666666665 0.0640625 0.1
1 0.13125 0.4427083333333333 0.0765625 0.07604166666666666
0 0.06328125 0.34479166666666666 0.046875 0.065625
0 0.29140625 0.5833333333333334 0.04609375 0.06979166666666667
0 0.26796875 0.8239583333333333 0.06640625 0.096875
0 0.6265625 0.9395833333333333 0.04609375 0.1
0 0.62734375 0.65 0.04140625 0.07083333333333333
0 0.78203125 0.6614583333333334 0.04375 0.0625
0 0.8484375 0.68125 0.0328125 0.06145833333333333