0 0.3171875 0.8541666666666666 0.0265625 0.04583333333333333
0 0.55 0.5020833333333333 0.0203125 0.04375
0 0.39296875 0.7135416666666666 0.02265625 0.042708333333333334
0 0.653125 0.25833333333333336 0.0421875 0.06875
0 0.8703125 0.24583333333333332 0.03515625 0.06458333333333334
0 0.978125 0.26979166666666665 0.04375 0.06041666666666667
0 0.721875 0.421875 0.03828125 0.06041666666666667
0 0.415625 0.9020833333333333 0.03984375 0.06354166666666666
1 0.4609375 0.91875 0.10078125 0.1625
0 0.54375 0.896875 0.0421875 0.075
3 0.33671875 0.9635416666666666 0.053125 0.071875