3 0.84765625 0.5708333333333333 0.0875 0.12395833333333334
3 0.7390625 0.615625 0.1 0.115625
3 0.51015625 0.8958333333333334 0.115625 0.14270833333333333
0 0.90234375 0.359375 0.08203125 0.12083333333333333
0 0.9203125 0.9447916666666667 0.07890625 0.09583333333333334
0 0.75625 0.9208333333333333 0.084375 0.15833333333333333
0 0.72265625 0.128125 0.07109375 0.10833333333333334
0 0.6421875 0.30833333333333335 0.0734375 0.10833333333333334
0 0.5421875 0.23229166666666667 0.0484375 0.10833333333333334
0 0.428125 0.035416666666666666 0.08359375 0.06145833333333333
2 0.30546875 0.6052083333333333 0.03359375 0.06458333333333334
2 0.38828125 0.6447916666666667 0.0375 0.08854166666666667