3 0.9 0.6177083333333333 0.05234375 0.08125
0 0.98125 0.5010416666666667 0.0296875 0.05520833333333333
0 0.83828125 0.340625 0.02578125 0.05416666666666667
0 0.57578125 0.33645833333333336 0.03359375 0.05
0 0.29453125 0.3 0.02890625 0.04895833333333333
0 0.27109375 0.5552083333333333 0.03359375 0.0625
0 0.528125 0.5083333333333333 0.0390625 0.06875
0 0.7765625 0.5072916666666667 0.03828125 0.07604166666666666
0 0.45234375 0.5104166666666666 0.03984375 0.06458333333333334
1 0.35390625 0.5416666666666666 0.09609375 0.07916666666666666
1 0.24765625 0.8239583333333333 0.06796875 0.21979166666666666
3 0.59453125 0.7416666666666667 0.06875 0.121875
3 0.62578125 0.8458333333333333 0.06171875 0.10208333333333333