0 0.72265625 0.30416666666666664 0.02734375 0.052083333333333336
0 0.690625 0.3489583333333333 0.02421875 0.05
0 0.70078125 0.396875 0.028125 0.04375
0 0.3515625 0.14479166666666668 0.0375 0.07604166666666666
3 0.21953125 0.315625 0.09609375 0.13020833333333334
0 0.20546875 0.7427083333333333 0.05078125 0.08229166666666667
0 0.303125 0.31354166666666666 0.05078125 0.07604166666666666
0 0.5984375 0.6416666666666667 0.03984375 0.057291666666666664
0 0.05546875 0.021875 0.040625 0.041666666666666664
0 0.0203125 0.036458333333333336 0.0390625 0.07083333333333333
0 0.45234375 0.2916666666666667 0.03515625 0.065625
1 0.6984375 0.9104166666666667 0.153125 0.17916666666666667
3 0.5625 0.7520833333333333 0.05234375 0.08541666666666667