0 0.12109375 0.07291666666666667 0.03984375 0.05416666666666667
0 0.56875 0.6427083333333333 0.02890625 0.05416666666666667
0 0.45625 0.33125 0.04140625 0.051041666666666666
0 0.15 0.365625 0.0453125 0.052083333333333336
0 0.15625 0.509375 0.04765625 0.07083333333333333
0 0.2578125 0.509375 0.03984375 0.071875
0 0.459375 0.9208333333333333 0.04296875 0.08541666666666667
0 0.30625 0.9364583333333333 0.06796875 0.11770833333333333
1 0.32734375 0.6833333333333333 0.13046875 0.10416666666666667
1 0.6359375 0.9583333333333334 0.09296875 0.08229166666666667
3 0.61171875 0.9083333333333333 0.06171875 0.07083333333333333