3 0.18984375 0.37604166666666666 0.0671875 0.06145833333333333
0 0.0296875 0.38125 0.02734375 0.06041666666666667
0 0.22265625 0.15520833333333334 0.03046875 0.0625
0 0.3515625 0.23020833333333332 0.0421875 0.0625
0 0.36015625 0.34479166666666666 0.03515625 0.06354166666666666
0 0.4390625 0.3458333333333333 0.03359375 0.08854166666666667
0 0.60390625 0.21041666666666667 0.02578125 0.058333333333333334
0 0.721875 0.49583333333333335 0.03046875 0.040625
0 0.62109375 0.6666666666666666 0.04296875 0.07083333333333333
0 0.4921875 0.6645833333333333 0.05390625 0.08020833333333334
1 0.5015625 0.48541666666666666 0.0921875 0.08229166666666667
1 0.7734375 0.7614583333333333 0.1140625 0.21145833333333333