0 0.20859375 0.6677083333333333 0.0421875 0.06041666666666667
0 0.14296875 0.971875 0.06640625 0.05520833333333333
0 0.35703125 0.48541666666666666 0.02421875 0.0375
0 0.55859375 0.40625 0.02421875 0.029166666666666667
0 0.609375 0.5114583333333333 0.02734375 0.04583333333333333
0 0.44296875 0.8041666666666667 0.02734375 0.05
0 0.540625 0.7947916666666667 0.0328125 0.06354166666666666
0 0.65703125 0.9541666666666667 0.08046875 0.090625
0 0.89296875 0.9229166666666667 0.06171875 0.090625
3 0.36328125 0.5541666666666667 0.05 0.04583333333333333
3 0.7953125 0.8427083333333333 0.06484375 0.10104166666666667
3 0.66328125 0.7 0.075 0.11770833333333333