0 0.73828125 0.421875 0.02890625 0.03958333333333333
0 0.7265625 0.5614583333333333 0.0359375 0.046875
3 0.1125 0.5666666666666667 0.08359375 0.07916666666666666
3 0.35546875 0.7958333333333333 0.05390625 0.06041666666666667
0 0.07734375 0.88125 0.05234375 0.07604166666666666
0 0.378125 0.8604166666666667 0.0390625 0.058333333333333334
0 0.58828125 0.921875 0.03984375 0.05
0 0.53125 0.746875 0.03046875 0.05416666666666667
0 0.6015625 0.73125 0.0421875 0.07083333333333333
0 0.684375 0.7208333333333333 0.03671875 0.053125
0 0.66875 0.6864583333333333 0.03515625 0.04583333333333333
0 0.84375 0.6416666666666667 0.034375 0.05625
0 0.60703125 0.5510416666666667 0.028125 0.04479166666666667
0 0.79921875 0.44479166666666664 0.02890625 0.03854166666666667
0 0.2109375 0.690625 0.03359375 0.03958333333333333
0 0.25625 0.5833333333333334 0.028125 0.0375
0 0.4140625 0.2552083333333333 0.02890625 0.03333333333333333
0 0.584375 0.346875 0.02578125 0.04375
0 0.61015625 0.3 0.02578125 0.034375