0 0.0296875 0.8989583333333333 0.05703125 0.13854166666666667
3 0.86328125 0.25104166666666666 0.05703125 0.08645833333333333
3 0.87578125 0.353125 0.07890625 0.10833333333333334
3 0.846875 0.4114583333333333 0.05859375 0.115625
3 0.8609375 0.6864583333333333 0.0640625 0.15833333333333333
3 0.9640625 0.7739583333333333 0.071875 0.14583333333333334
3 0.83046875 0.8958333333333334 0.103125 0.20729166666666668
3 0.67578125 0.17916666666666667 0.05390625 0.12083333333333333
3 0.51953125 0.05416666666666667 0.08359375 0.09895833333333333
3 0.215625 0.20208333333333334 0.071875 0.09375
3 0.26953125 0.2791666666666667 0.071875 0.09375
3 0.509375 0.428125 0.05703125 0.10625
3 0.5765625 0.4041666666666667 0.08359375 0.13125
3 0.61875 0.43854166666666666 0.06796875 0.190625
3 0.35625 0.43333333333333335 0.0984375 0.15520833333333334
3 0.540625 0.5708333333333333 0.0484375 0.10833333333333334
3 0.340625 0.6239583333333333 0.0890625 0.13541666666666666
3 0.2796875 0.728125 0.07109375 0.10833333333333334
3 0.4109375 0.7947916666666667 0.128125 0.2125
3 0.275 0.8885416666666667 0.10546875 0.18229166666666666
3 0.396875 0.9520833333333333 0.10546875 0.09583333333333334
0 0.875 0.017708333333333333 0.04140625 0.029166666666666667
0 0.72578125 0.027083333333333334 0.05703125 0.04895833333333333
0 0.63359375 0.06458333333333334 0.046875 0.06875
0 0.7390625 0.18020833333333333 0.05546875 0.09375
0 0.91484375 0.18125 0.05703125 0.08125
0 0.5421875 0.24895833333333334 0.05703125 0.09375
0 0.6359375 0.28020833333333334 0.08046875 0.115625
0 0.71171875 0.33229166666666665 0.06796875 0.08125
0 0.78359375 0.378125 0.06953125 0.09895833333333333
0 0.70078125 0.425 0.0765625 0.11875
0 0.7703125 0.49375 0.06796875 0.128125
0 0.72421875 0.7125 0.04609375 0.15104166666666666
0 0.70078125 0.5802083333333333 0.0734375 0.11354166666666667
0 0.7859375 0.6427083333333333 0.06640625 0.10104166666666667
0 0.78359375 0.784375 0.05859375 0.115625
0 0.475 0.9302083333333333 0.1 0.13958333333333334
0 0.47734375 0.6447916666666667 0.0765625 0.14270833333333333
0 0.5609375 0.8239583333333333 0.0859375 0.165625
0 0.678125 0.89375 0.103125 0.1875
0 0.73984375 0.8979166666666667 0.034375 0.140625
0 0.565625 0.6875 0.078125 0.165625
0 0.66171875 0.7135416666666666 0.09296875 0.14791666666666667
2 0.50625 0.10416666666666667 0.0234375 0.025
2 0.3578125 0.014583333333333334 0.02890625 0.019791666666666666
2 0.78515625 0.2625 0.02109375 0.041666666666666664
2 0.60859375 0.9427083333333334 0.025 0.04479166666666667
0 0.28984375 0.17916666666666667 0.059375 0.10104166666666667
3 0.1640625 0.7270833333333333 0.05859375 0.11145833333333334