0 0.7375 0.46875 0.028125 0.04791666666666667
0 0.60625 0.309375 0.01953125 0.026041666666666668
0 0.5828125 0.3260416666666667 0.02421875 0.040625
0 0.5625 0.32916666666666666 0.028125 0.042708333333333334
0 0.57265625 0.3854166666666667 0.02421875 0.0375
0 0.60625 0.39895833333333336 0.03203125 0.05625
3 0.86015625 0.4479166666666667 0.11015625 0.16041666666666668
1 0.3546875 0.8489583333333334 0.15546875 0.23645833333333333
1 0.3875 0.7614583333333333 0.10234375 0.12395833333333334
1 0.4515625 0.8395833333333333 0.1453125 0.08020833333333334
3 0.5265625 0.46875 0.0515625 0.065625