2 0.20703125 0.5979166666666667 0.03671875 0.04479166666666667
0 0.540625 0.2989583333333333 0.02734375 0.042708333333333334
0 0.7625 0.5166666666666667 0.03359375 0.06354166666666666
1 0.634375 0.9125 0.14140625 0.17395833333333333
0 0.303125 0.7770833333333333 0.07890625 0.09479166666666666
0 0.09296875 0.8541666666666666 0.0578125 0.08125
0 0.0515625 0.75625 0.084375 0.13645833333333332
0 0.2375 0.5104166666666666 0.04921875 0.07916666666666666
0 0.2515625 0.44583333333333336 0.05390625 0.08541666666666667
0 0.63828125 0.4625 0.05703125 0.0875
0 0.1734375 0.2708333333333333 0.03984375 0.06145833333333333
0 0.28203125 0.2989583333333333 0.04140625 0.0625