0 0.271875 0.5802083333333333 0.06796875 0.11354166666666667
0 0.37890625 0.9177083333333333 0.0640625 0.115625
3 0.15625 0.5614583333333333 0.084375 0.12083333333333333
3 0.071875 0.790625 0.1109375 0.13854166666666667
3 0.2875 0.7020833333333333 0.078125 0.11145833333333334
0 0.303125 0.046875 0.04140625 0.059375
0 0.35 0.10104166666666667 0.04453125 0.07916666666666666
0 0.28515625 0.19791666666666666 0.059375 0.09375
2 0.621875 0.9802083333333333 0.040625 0.03958333333333333
2 0.73046875 0.634375 0.0359375 0.06875
2 0.41640625 0.6145833333333334 0.0359375 0.07916666666666666
2 0.3515625 0.440625 0.028125 0.03229166666666667
2 0.41484375 0.47604166666666664 0.02109375 0.029166666666666667
2 0.615625 0.3645833333333333 0.028125 0.046875
2 0.521875 0.0625 0.03359375 0.041666666666666664
0 0.1765625 0.8958333333333334 0.06953125 0.16770833333333332