0 0.58984375 0.42291666666666666 0.02265625 0.03125
1 0.7828125 0.909375 0.14765625 0.071875
3 0.4140625 0.49583333333333335 0.05546875 0.04583333333333333
3 0.9421875 0.9 0.06015625 0.06770833333333333
0 0.38125 0.3729166666666667 0.02578125 0.030208333333333334
0 0.36953125 0.409375 0.0265625 0.03125
0 0.42109375 0.4239583333333333 0.02578125 0.041666666666666664
0 0.0703125 0.5020833333333333 0.04296875 0.051041666666666666
0 0.0265625 0.6375 0.03515625 0.041666666666666664
0 0.12734375 0.7229166666666667 0.03515625 0.04895833333333333
0 0.1171875 0.8020833333333334 0.0421875 0.059375
0 0.2203125 0.7677083333333333 0.0390625 0.0625
0 0.31328125 0.8125 0.03515625 0.057291666666666664
0 0.284375 0.6197916666666666 0.03515625 0.04895833333333333
0 0.328125 0.5708333333333333 0.02421875 0.034375
0 0.3796875 0.6291666666666667 0.03203125 0.041666666666666664
0 0.434375 0.6 0.03203125 0.0375
0 0.5078125 0.6447916666666667 0.034375 0.04895833333333333
0 0.56953125 0.7364583333333333 0.03359375 0.05416666666666667
0 0.89921875 0.6729166666666667 0.05078125 0.058333333333333334
0 0.83671875 0.746875 0.04453125 0.06041666666666667
0 0.87265625 0.790625 0.03515625 0.05
0 0.75078125 0.7208333333333333 0.03671875 0.04583333333333333
0 0.7140625 0.8208333333333333 0.05078125 0.059375
0 0.65078125 0.9729166666666667 0.05703125 0.05416666666666667