0 0.12265625 0.20208333333333334 0.040625 0.06145833333333333
1 0.3375 0.8395833333333333 0.1453125 0.246875
1 0.925 0.9302083333333333 0.14921875 0.13958333333333334
0 0.9765625 0.8354166666666667 0.046875 0.0875
0 0.8703125 0.725 0.03828125 0.05416666666666667
0 0.81328125 0.671875 0.03515625 0.05416666666666667
0 0.7046875 0.7166666666666667 0.06328125 0.065625
0 0.75234375 0.6791666666666667 0.03671875 0.052083333333333336
0 0.74921875 0.6270833333333333 0.028125 0.04375
0 0.8640625 0.4375 0.02734375 0.040625
0 0.44609375 0.7635416666666667 0.0421875 0.05625
0 0.2484375 0.29791666666666666 0.034375 0.05416666666666667
0 0.4828125 0.39166666666666666 0.04453125 0.06770833333333333
0 0.2546875 0.23333333333333334 0.03828125 0.07291666666666667
0 0.1734375 0.196875 0.03671875 0.06458333333333334
0 0.19921875 0.271875 0.03671875 0.07604166666666666
0 0.04296875 0.5322916666666667 0.03984375 0.06041666666666667
0 0.00859375 0.7583333333333333 0.015625 0.09270833333333334
3 0.8265625 0.9375 0.06953125 0.09791666666666667