0 0.21953125 0.9479166666666666 0.11953125 0.10416666666666667
0 0.0625 0.7875 0.10859375 0.14791666666666667
0 0.16171875 0.6645833333333333 0.115625 0.17291666666666666
0 0.809375 0.6010416666666667 0.09453125 0.14583333333333334
0 0.92421875 0.8270833333333333 0.06796875 0.16770833333333332
0 0.8375 0.7864583333333334 0.10546875 0.18020833333333333
0 0.61875 0.8239583333333333 0.1125 0.18541666666666667
0 0.1125 0.3375 0.1140625 0.20520833333333333
0 0.05625 0.44479166666666664 0.10390625 0.21770833333333334
0 0.39296875 0.8739583333333333 0.13046875 0.22708333333333333
0 0.734375 0.81875 0.10703125 0.13125
0 0.909375 0.6510416666666666 0.075 0.115625
0 0.80859375 0.440625 0.06953125 0.09583333333333334
0 0.53671875 0.3875 0.0625 0.08854166666666667
0 0.31953125 0.4125 0.0640625 0.11354166666666667