2 0.6640625 0.48854166666666665 0.04453125 0.04895833333333333
2 0.47890625 0.5416666666666666 0.021875 0.071875
2 0.56171875 0.9197916666666667 0.0484375 0.06666666666666667
2 0.2078125 0.8052083333333333 0.00390625 0.009375
2 0.2015625 0.83125 0.04140625 0.057291666666666664
2 0.178125 0.7135416666666666 0.021875 0.03958333333333333
2 0.2015625 0.7520833333333333 0.0359375 0.041666666666666664
2 0.19296875 0.63125 0.0359375 0.06666666666666667
0 0.60859375 0.6322916666666667 0.0890625 0.09375
0 0.84375 0.45208333333333334 0.10703125 0.11875
0 0.56953125 0.084375 0.04453125 0.084375
0 0.1375 0.8354166666666667 0.0859375 0.11145833333333334