1 0.4296875 0.8489583333333334 0.11484375 0.19791666666666666
1 0.92734375 0.6760416666666667 0.1453125 0.15625
1 0.6390625 0.296875 0.10234375 0.10104166666666667
0 0.4890625 0.684375 0.04453125 0.059375
0 0.609375 0.3645833333333333 0.0578125 0.07083333333333333
0 0.81640625 0.28541666666666665 0.03515625 0.04375
0 0.70703125 0.07395833333333333 0.03515625 0.05416666666666667
0 0.565625 0.13229166666666667 0.03515625 0.06458333333333334
0 0.5921875 0.11770833333333333 0.034375 0.05625
0 0.4171875 0.209375 0.03828125 0.05625
0 0.121875 0.49583333333333335 0.03125 0.041666666666666664
0 0.0578125 0.36354166666666665 0.04765625 0.07916666666666666
0 0.11484375 0.15520833333333334 0.04140625 0.05416666666666667
3 0.48515625 0.17916666666666667 0.03125 0.035416666666666666
3 0.83125 0.12916666666666668 0.06484375 0.10416666666666667
3 0.4359375 0.403125 0.05859375 0.078125