1 0.2796875 0.2760416666666667 0.06015625 0.16458333333333333
0 0.05078125 0.15 0.034375 0.06770833333333333
0 0.4390625 0.3104166666666667 0.034375 0.07708333333333334
0 0.5125 0.896875 0.07109375 0.1125
3 0.4671875 0.42083333333333334 0.04609375 0.06458333333333334
3 0.403125 0.6104166666666667 0.059375 0.07916666666666666
2 0.35390625 0.23958333333333334 0.0328125 0.04895833333333333
2 0.61015625 0.6677083333333333 0.0421875 0.06875
2 0.50625 0.75 0.0421875 0.07083333333333333
2 0.42578125 0.71875 0.03984375 0.06041666666666667
2 0.19765625 0.4510416666666667 0.03671875 0.053125