3 0.27421875 0.6625 0.0625 0.13541666666666666
0 0.83515625 0.6375 0.0765625 0.15833333333333333
0 0.5734375 0.590625 0.08046875 0.14791666666666667
0 0.46640625 0.5947916666666667 0.078125 0.178125
0 0.57421875 0.7666666666666667 0.0734375 0.15104166666666666
0 0.33203125 0.05520833333333333 0.05 0.08125
0 0.4421875 0.23958333333333334 0.0625 0.11875
0 0.47265625 0.41770833333333335 0.084375 0.11875
0 0.165625 0.7354166666666667 0.1 0.1625
0 0.05625 0.8864583333333333 0.109375 0.17291666666666666
0 0.971875 0.790625 0.05546875 0.13333333333333333
2 0.98125 0.409375 0.02890625 0.07395833333333333
2 0.80703125 0.934375 0.0390625 0.06666666666666667
2 0.65546875 0.7291666666666666 0.0359375 0.10104166666666667
2 0.61953125 0.3020833333333333 0.0359375 0.046875
2 0.57265625 0.43333333333333335 0.01796875 0.041666666666666664
2 0.65390625 0.37083333333333335 0.021875 0.034375