0 0.52890625 0.1625 0.05234375 0.07708333333333334
0 0.3859375 0.04375 0.0390625 0.06354166666666666
0 0.1359375 0.04583333333333333 0.0640625 0.07395833333333333
0 0.1234375 0.2875 0.04921875 0.065625
0 0.45859375 0.4979166666666667 0.06875 0.115625
0 0.27109375 0.7385416666666667 0.07421875 0.11145833333333334
0 0.0390625 0.9541666666666667 0.07734375 0.09166666666666666
0 0.37890625 0.9572916666666667 0.0671875 0.08541666666666667
1 0.35 0.25729166666666664 0.10859375 0.12916666666666668
3 0.55390625 0.0625 0.06953125 0.08958333333333333
3 0.85703125 0.7697916666666667 0.08828125 0.12916666666666668