2 0.684375 0.5145833333333333 0.021875 0.052083333333333336
2 0.81875 0.6489583333333333 0.03046875 0.06354166666666666
2 0.75 0.6375 0.04609375 0.07083333333333333
0 0.5828125 0.8229166666666666 0.06796875 0.11041666666666666
0 0.64296875 0.478125 0.046875 0.08333333333333333
0 0.83671875 0.36666666666666664 0.0421875 0.03958333333333333
0 0.15546875 0.36354166666666665 0.06015625 0.078125
0 0.22578125 0.5635416666666667 0.05546875 0.057291666666666664
0 0.35625 0.06145833333333333 0.03984375 0.0625
1 0.80078125 0.5125 0.1375 0.07916666666666666
3 0.53046875 0.4083333333333333 0.053125 0.075
3 0.5375 0.035416666666666666 0.05078125 0.05416666666666667