0 0.74609375 0.3645833333333333 0.0859375 0.190625
0 0.846875 0.4270833333333333 0.13203125 0.22708333333333333
0 0.7296875 0.6354166666666666 0.07109375 0.165625
0 0.64453125 0.5947916666666667 0.078125 0.15833333333333333
2 0.62265625 0.7739583333333333 0.034375 0.041666666666666664
2 0.84609375 0.525 0.03046875 0.06666666666666667
2 0.71328125 0.4583333333333333 0.03203125 0.057291666666666664
2 0.946875 0.3125 0.084375 0.08645833333333333
0 0.89140625 0.6510416666666666 0.15546875 0.25416666666666665
0 0.94296875 0.121875 0.09140625 0.15520833333333334
0 0.77890625 0.16458333333333333 0.10859375 0.190625
0 0.54453125 0.1625 0.0859375 0.14791666666666667
0 0.5625 0.36770833333333336 0.05859375 0.09375
3 0.228125 0.5572916666666666 0.078125 0.165625
3 0.259375 0.3875 0.0734375 0.16770833333333332