3 0.890625 0.4010416666666667 0.0875 0.12083333333333333
3 0.97578125 0.5885416666666666 0.04609375 0.09583333333333334
3 0.484375 0.7083333333333334 0.15 0.246875
1 0.6171875 0.5125 0.14296875 0.13125
0 0.7296875 0.209375 0.0515625 0.06458333333333334
0 0.80078125 0.11770833333333333 0.0625 0.09166666666666666
0 0.740625 0.035416666666666666 0.05546875 0.052083333333333336
0 0.76484375 0.071875 0.0484375 0.06875
0 0.9234375 0.06145833333333333 0.078125 0.09895833333333333
2 0.753125 0.746875 0.0515625 0.071875
2 0.7828125 0.8354166666666667 0.0265625 0.03229166666666667
2 0.87578125 0.8947916666666667 0.0375 0.06145833333333333