1 0.4203125 0.9083333333333333 0.0765625 0.18229166666666666
1 0.428125 0.20625 0.0609375 0.175
1 0.3359375 0.21770833333333334 0.0609375 0.09895833333333333
1 0.66015625 0.3385416666666667 0.10390625 0.09375
1 0.6953125 0.23541666666666666 0.084375 0.09166666666666666
1 0.94140625 0.39166666666666666 0.08046875 0.09166666666666666
1 0.7984375 0.7291666666666666 0.10546875 0.175
0 0.7640625 0.48020833333333335 0.06640625 0.115625
0 0.596875 0.384375 0.04296875 0.09166666666666666
0 0.534375 0.33229166666666665 0.04609375 0.10104166666666667
0 0.49140625 0.225 0.0390625 0.06458333333333334
0 0.0640625 0.121875 0.05859375 0.08645833333333333
2 0.79140625 0.8958333333333334 0.025 0.03958333333333333
2 0.6140625 0.5572916666666666 0.0390625 0.06666666666666667
2 0.04921875 0.390625 0.0625 0.09375
2 0.2546875 0.3572916666666667 0.05390625 0.08125
2 0.596875 0.9322916666666666 0.05546875 0.08125