2 0.3703125 0.6 0.0328125 0.0375
2 0.1453125 0.23229166666666667 0.0515625 0.057291666666666664
2 0.28359375 0.27291666666666664 0.0546875 0.07604166666666666
0 0.75234375 0.3385416666666667 0.06015625 0.10625
2 0.57109375 0.05416666666666667 0.025 0.05416666666666667
2 0.5234375 0.18958333333333333 0.03828125 0.03333333333333333
2 0.775 0.18333333333333332 0.03515625 0.05625
2 0.5125 0.365625 0.02734375 0.075
2 0.68671875 0.68125 0.03046875 0.07916666666666666
2 0.55703125 0.8447916666666667 0.03984375 0.05416666666666667
2 0.67265625 0.75 0.0296875 0.06770833333333333