3 0.390625 0.30104166666666665 0.05546875 0.084375
2 0.84765625 0.4979166666666667 0.034375 0.0375
2 0.815625 0.4583333333333333 0.040625 0.041666666666666664
2 0.96875 0.665625 0.05390625 0.06145833333333333
2 0.62421875 0.5583333333333333 0.0265625 0.04895833333333333
2 0.596875 0.5708333333333333 0.028125 0.059375
2 0.425 0.571875 0.0390625 0.052083333333333336
2 0.4328125 0.5260416666666666 0.05390625 0.059375
3 0.51875 0.8885416666666667 0.0625 0.10833333333333334
0 0.52109375 0.03958333333333333 0.046875 0.06875
0 0.47265625 0.1125 0.0484375 0.09166666666666666
0 0.06015625 0.1125 0.11796875 0.115625
0 0.24609375 0.578125 0.078125 0.13854166666666667
0 0.05859375 0.90625 0.10859375 0.11875
0 0.571875 0.6479166666666667 0.09609375 0.15104166666666666
3 0.165625 0.928125 0.109375 0.14270833333333333
3 0.14921875 0.7427083333333333 0.1015625 0.08854166666666667
3 0.91171875 0.3177083333333333 0.14609375 0.15520833333333334
3 0.74453125 0.7145833333333333 0.1109375 0.13541666666666666
3 0.884375 0.9166666666666666 0.153125 0.16666666666666666