0 0.54375 0.4197916666666667 0.08671875 0.14375
0 0.58046875 0.553125 0.08828125 0.134375
0 0.54765625 0.7385416666666667 0.0859375 0.16875
0 0.40703125 0.9291666666666667 0.08515625 0.140625
0 0.66171875 0.9427083333333334 0.08515625 0.11354166666666667
0 0.56953125 0.9072916666666667 0.1140625 0.18541666666666667
0 0.703125 0.6614583333333334 0.08046875 0.13020833333333334
0 0.53671875 0.058333333333333334 0.08671875 0.10520833333333333
3 0.33828125 0.853125 0.12265625 0.22083333333333333
3 0.43125 0.075 0.07890625 0.146875
2 0.4859375 0.453125 0.02265625 0.057291666666666664
2 0.43984375 0.48854166666666665 0.01953125 0.04375
2 0.2390625 0.17083333333333334 0.0328125 0.051041666666666666
2 0.2234375 0.09166666666666666 0.03359375 0.046875