2 0.84453125 0.5958333333333333 0.021875 0.0375
2 0.978125 0.7520833333333333 0.0359375 0.03229166666666667
2 0.9546875 0.6927083333333334 0.0375 0.03229166666666667
2 0.37421875 0.5958333333333333 0.02109375 0.057291666666666664
2 0.3546875 0.8625 0.02109375 0.027083333333333334
2 0.59609375 0.9 0.025 0.0375
2 0.68984375 0.8760416666666667 0.0265625 0.04479166666666667
2 0.66640625 0.88125 0.028125 0.025
2 0.33828125 0.49583333333333335 0.034375 0.019791666666666666
2 0.24453125 0.725 0.03359375 0.041666666666666664
2 0.25859375 0.7854166666666667 0.0390625 0.04479166666666667
1 0.253125 0.415625 0.15390625 0.21979166666666666
1 0.440625 0.05520833333333333 0.1890625 0.10625
3 0.0859375 0.32708333333333334 0.15546875 0.165625
3 0.303125 0.9614583333333333 0.06640625 0.07604166666666666
3 0.30859375 0.6822916666666666 0.0890625 0.11145833333333334
3 0.6015625 0.035416666666666666 0.10546875 0.06666666666666667
3 0.46484375 0.51875 0.059375 0.07395833333333333
3 0.4921875 0.5729166666666666 0.084375 0.11354166666666667
3 0.409375 0.6489583333333333 0.103125 0.13854166666666667
3 0.7859375 0.428125 0.14140625 0.15520833333333334
3 0.95 0.5291666666666667 0.1 0.17083333333333334
3 0.8734375 0.7427083333333333 0.046875 0.06875
3 0.9609375 0.853125 0.078125 0.115625
3 0.9578125 0.9458333333333333 0.084375 0.084375
0 0.76484375 0.2916666666666667 0.08203125 0.08854166666666667
0 0.6 0.18020833333333333 0.13046875 0.2125
0 0.57578125 0.4864583333333333 0.1265625 0.2125
0 0.64453125 0.6854166666666667 0.09140625 0.15104166666666666
0 0.45078125 0.946875 0.065625 0.10625
0 0.0390625 0.8333333333333334 0.0609375 0.10625
0 0.0390625 0.759375 0.075 0.10625
0 0.0515625 0.08854166666666667 0.1 0.14791666666666667