0 0.3453125 0.6489583333333333 0.0734375 0.10416666666666667
3 0.04375 0.8541666666666666 0.0765625 0.09895833333333333
3 0.1546875 0.6114583333333333 0.1234375 0.15104166666666666
3 0.121875 0.3802083333333333 0.146875 0.14270833333333333
2 0.2140625 0.37083333333333335 0.021875 0.025
2 0.28046875 0.175 0.04140625 0.03958333333333333
0 0.04921875 0.034375 0.09609375 0.06458333333333334
0 0.296875 0.09270833333333334 0.078125 0.09166666666666666
1 0.54921875 0.3729166666666667 0.05703125 0.19270833333333334
2 0.50859375 0.12708333333333333 0.025 0.03229166666666667
2 0.534375 0.17395833333333333 0.0234375 0.027083333333333334
2 0.515625 0.225 0.0234375 0.034375
3 0.73203125 0.32916666666666666 0.078125 0.12604166666666666
0 0.4515625 0.225 0.075 0.10416666666666667
0 0.60234375 0.19375 0.07109375 0.09583333333333334
0 0.715625 0.028125 0.0765625 0.052083333333333336
0 0.8125 0.8052083333333333 0.0890625 0.07395833333333333
0 0.78359375 0.6395833333333333 0.05 0.04895833333333333
0 0.6296875 0.6125 0.05703125 0.09375
3 0.5 0.5427083333333333 0.071875 0.14791666666666667
3 0.809375 0.9395833333333333 0.046875 0.06666666666666667
3 0.74453125 0.9552083333333333 0.05546875 0.08854166666666667
3 0.64453125 0.9677083333333333 0.06953125 0.06458333333333334
3 0.4796875 0.8354166666666667 0.0734375 0.115625
2 0.3859375 0.9010416666666666 0.028125 0.029166666666666667
2 0.5546875 0.8489583333333334 0.02109375 0.034375