2 0.3578125 0.4041666666666667 0.03203125 0.027083333333333334
1 0.1203125 0.5145833333333333 0.1015625 0.15104166666666666
1 0.471875 0.43125 0.13046875 0.15104166666666666
1 0.59375 0.20520833333333333 0.084375 0.084375
1 0.86484375 0.39375 0.090625 0.15104166666666666
1 0.753125 0.5083333333333333 0.1390625 0.11875
1 0.91796875 0.6260416666666667 0.13046875 0.13125
1 0.4625 0.63125 0.275 0.13125
1 0.465625 0.7322916666666667 0.2359375 0.140625
1 0.67109375 0.7208333333333333 0.1640625 0.20208333333333334
1 0.89296875 0.859375 0.2140625 0.28125