3 0.42578125 0.590625 0.084375 0.12395833333333334
3 0.41171875 0.8625 0.090625 0.16041666666666668
0 0.825 0.09166666666666666 0.053125 0.06875
0 0.903125 0.14479166666666668 0.0515625 0.09166666666666666
0 0.44921875 0.26666666666666666 0.05390625 0.128125
0 0.515625 0.27291666666666664 0.0375 0.09166666666666666
0 0.65546875 0.29375 0.0609375 0.11875
0 0.7 0.540625 0.046875 0.084375
0 0.75703125 0.7572916666666667 0.0640625 0.12604166666666666
0 0.6625 0.8666666666666667 0.0859375 0.16770833333333332
0 0.56328125 0.9697916666666667 0.0546875 0.06041666666666667
0 0.8828125 0.9677083333333333 0.0875 0.06458333333333334
1 0.55390625 0.66875 0.18046875 0.153125
1 0.80390625 0.8572916666666667 0.14140625 0.10416666666666667
1 0.26640625 0.5541666666666667 0.15 0.190625