2 0.6703125 0.1875 0.04296875 0.06458333333333334
2 0.33125 0.08854166666666667 0.02890625 0.03958333333333333
2 0.8171875 0.11875 0.03203125 0.03958333333333333
2 0.415625 0.2864583333333333 0.034375 0.03958333333333333
2 0.37890625 0.278125 0.03359375 0.046875
2 0.37109375 0.340625 0.05 0.04895833333333333
2 0.36875 0.6041666666666666 0.034375 0.041666666666666664
2 0.59453125 0.5791666666666667 0.0390625 0.046875
2 0.778125 0.7927083333333333 0.065625 0.05416666666666667
2 0.77265625 0.715625 0.05703125 0.04895833333333333
2 0.8703125 0.61875 0.0625 0.046875
2 0.85546875 0.3572916666666667 0.046875 0.046875
2 0.903125 0.3572916666666667 0.059375 0.052083333333333336
2 0.9578125 0.35520833333333335 0.04609375 0.04895833333333333
3 0.13984375 0.5739583333333333 0.059375 0.12083333333333333
3 0.28984375 0.334375 0.09609375 0.18541666666666667
3 0.409375 0.08854166666666667 0.090625 0.14791666666666667
3 0.540625 0.30625 0.11640625 0.178125
0 0.2640625 0.7677083333333333 0.071875 0.07395833333333333
0 0.4421875 0.6520833333333333 0.059375 0.084375
0 0.67421875 0.96875 0.05703125 0.06145833333333333
0 0.63125 0.9260416666666667 0.040625 0.03958333333333333
0 0.66796875 0.7854166666666667 0.08046875 0.11354166666666667
0 0.49375 0.5052083333333334 0.10703125 0.15520833333333334
0 0.58125 0.146875 0.1234375 0.14583333333333334