2 0.68984375 0.125 0.015625 0.041666666666666664
2 0.79375 0.8739583333333333 0.04609375 0.04479166666666667
0 0.85625 0.8416666666666667 0.1234375 0.11875
0 0.11953125 0.9208333333333333 0.04453125 0.04479166666666667
0 0.1828125 0.9791666666666666 0.04296875 0.041666666666666664
0 0.28359375 0.5989583333333334 0.06640625 0.08125
0 0.24609375 0.8052083333333333 0.0609375 0.06875
0 0.3796875 0.7854166666666667 0.05390625 0.128125
0 0.42421875 0.8614583333333333 0.040625 0.04895833333333333
0 0.48359375 0.9125 0.04453125 0.07604166666666666
3 0.278125 0.9125 0.0390625 0.041666666666666664
3 0.33359375 0.8427083333333333 0.0390625 0.052083333333333336
3 0.35 0.9895833333333334 0.034375 0.020833333333333332
3 0.33125 0.7083333333333334 0.05703125 0.07916666666666666
3 0.240625 0.71875 0.0625 0.07395833333333333
3 0.390625 0.509375 0.05390625 0.07604166666666666
3 0.4875 0.5677083333333334 0.05 0.07916666666666666
3 0.578125 0.24583333333333332 0.109375 0.18541666666666667
3 0.828125 0.209375 0.05703125 0.07916666666666666
0 0.5578125 0.5854166666666667 0.07109375 0.128125
0 0.6828125 0.5979166666666667 0.084375 0.12395833333333334
0 0.87265625 0.31979166666666664 0.0875 0.09166666666666666
0 0.921875 0.18020833333333333 0.14296875 0.12395833333333334