2 0.85546875 0.6479166666666667 0.0359375 0.07604166666666666
2 0.5140625 0.25416666666666665 0.04140625 0.04479166666666667
2 0.5484375 0.17604166666666668 0.04140625 0.08125
2 0.36171875 0.246875 0.040625 0.05416666666666667
2 0.409375 0.4354166666666667 0.04140625 0.08125
0 0.928125 0.7854166666666667 0.06796875 0.10833333333333334
0 0.659375 0.43125 0.06796875 0.09583333333333334
0 0.521875 0.6145833333333334 0.06953125 0.10416666666666667
1 0.34296875 0.8697916666666666 0.1921875 0.2604166666666667
1 0.1953125 0.07395833333333333 0.1734375 0.09895833333333333
1 0.5515625 0.3875 0.09140625 0.07395833333333333
1 0.49453125 0.30625 0.103125 0.10833333333333334