1 0.28828125 0.6520833333333333 0.04296875 0.04479166666666667
1 0.5453125 0.5270833333333333 0.1484375 0.115625
2 0.778125 0.6510416666666666 0.05859375 0.06666666666666667
2 0.90546875 0.9270833333333334 0.08359375 0.14583333333333334
2 0.8078125 0.8270833333333333 0.07890625 0.11354166666666667
3 0.553125 0.8010416666666667 0.09453125 0.140625
0 0.790625 0.23541666666666666 0.046875 0.06145833333333333
0 0.7578125 0.31145833333333334 0.06796875 0.08854166666666667
0 0.915625 0.6010416666666667 0.071875 0.09166666666666666
0 0.92421875 0.721875 0.090625 0.10104166666666667
1 0.93046875 0.44479166666666664 0.1390625 0.09895833333333333