3 0.83046875 0.3854166666666667 0.08046875 0.11354166666666667
3 0.33046875 0.3625 0.06640625 0.11354166666666667
3 0.36484375 0.5927083333333333 0.12890625 0.20729166666666668
0 0.078125 0.321875 0.10546875 0.15520833333333334
2 0.10234375 0.7708333333333334 0.07890625 0.11354166666666667
2 0.315625 0.5885416666666666 0.0515625 0.13125
2 0.515625 0.825 0.078125 0.12395833333333334
2 0.64140625 0.9270833333333334 0.05546875 0.14583333333333334
2 0.74296875 0.2125 0.046875 0.084375
2 0.728125 0.515625 0.03203125 0.07916666666666666
2 0.490625 0.4708333333333333 0.028125 0.052083333333333336
2 0.178125 0.465625 0.0515625 0.08645833333333333
1 0.45546875 0.6114583333333333 0.06640625 0.25416666666666665