3 0.721875 0.4979166666666667 0.06953125 0.10104166666666667
3 0.503125 0.340625 0.11796875 0.153125
1 0.5359375 0.2604166666666667 0.08359375 0.12083333333333333
1 0.04296875 0.2947916666666667 0.075 0.24895833333333334
1 0.35859375 0.559375 0.10546875 0.11145833333333334
1 0.2640625 0.4666666666666667 0.10546875 0.22708333333333333
1 0.15078125 0.5072916666666667 0.140625 0.08645833333333333
1 0.9296875 0.628125 0.140625 0.14583333333333334
0 0.8015625 0.8354166666666667 0.1 0.12604166666666666
0 0.71953125 0.7322916666666667 0.0640625 0.12604166666666666
0 0.740625 0.146875 0.05703125 0.08645833333333333
0 0.24296875 0.12708333333333333 0.03359375 0.071875
2 0.65078125 0.4083333333333333 0.0375 0.057291666666666664
2 0.33125 0.715625 0.0484375 0.06875