0 0.79609375 0.9770833333333333 0.0921875 0.04583333333333333
2 0.80625 0.828125 0.05703125 0.052083333333333336
2 0.98125 0.48125 0.0375 0.04895833333333333
2 0.928125 0.440625 0.0390625 0.0375
2 0.9734375 0.33541666666666664 0.04453125 0.034375
2 0.921875 0.19166666666666668 0.046875 0.03229166666666667
2 0.88203125 0.25729166666666664 0.025 0.03958333333333333
2 0.825 0.22395833333333334 0.03359375 0.03229166666666667
2 0.69140625 0.42083333333333334 0.03046875 0.052083333333333336
2 0.6921875 0.2125 0.0265625 0.034375
0 0.596875 0.509375 0.04609375 0.13541666666666666
0 0.571875 0.09375 0.0875 0.128125
0 0.546875 0.19479166666666667 0.0390625 0.07916666666666666
0 0.4421875 0.18541666666666667 0.0375 0.05416666666666667
0 0.153125 0.4083333333333333 0.1515625 0.190625
0 0.121875 0.7822916666666667 0.0875 0.08854166666666667
0 0.34375 0.9635416666666666 0.090625 0.07291666666666667
0 0.35234375 0.06145833333333333 0.05703125 0.09375
0 0.4109375 0.278125 0.05859375 0.10625
0 0.4140625 0.375 0.05 0.07916666666666666
0 0.48984375 0.321875 0.0765625 0.12083333333333333
0 0.5234375 0.45416666666666666 0.05859375 0.08854166666666667
0 0.5421875 0.53125 0.05390625 0.07916666666666666
0 0.56953125 0.609375 0.06640625 0.128125
0 0.65078125 0.6885416666666667 0.084375 0.14791666666666667
0 0.484375 0.7822916666666667 0.06640625 0.10416666666666667
0 0.33828125 0.6625 0.06796875 0.13541666666666666
0 0.21328125 0.7458333333333333 0.1125 0.13333333333333333