0 0.94609375 0.09479166666666666 0.0625 0.09583333333333334
0 0.84765625 0.946875 0.071875 0.10625
0 0.621875 0.946875 0.0640625 0.10625
0 0.56171875 0.8791666666666667 0.04375 0.11666666666666667
0 0.50234375 0.8770833333333333 0.07578125 0.15520833333333334
0 0.53125 0.6364583333333333 0.05859375 0.1
0 0.6046875 0.56875 0.06953125 0.10520833333333333
0 0.60859375 0.465625 0.05703125 0.08645833333333333
0 0.74453125 0.5708333333333333 0.05625 0.08229166666666667
0 0.77890625 0.5333333333333333 0.05234375 0.10416666666666667
0 0.725 0.4791666666666667 0.053125 0.10416666666666667
0 0.82578125 0.43645833333333334 0.04375 0.09583333333333334
3 0.73984375 0.9354166666666667 0.0828125 0.12916666666666668
3 0.56015625 0.409375 0.07890625 0.128125
3 0.15859375 0.85 0.059375 0.115625
2 0.09453125 0.6041666666666666 0.040625 0.03333333333333333
2 0.2265625 0.8114583333333333 0.03046875 0.06145833333333333
2 0.14765625 0.765625 0.01640625 0.03333333333333333
2 0.409375 0.8302083333333333 0.01640625 0.036458333333333336
2 0.33515625 0.446875 0.02109375 0.028125
0 0.72578125 0.06145833333333333 0.05625 0.09479166666666666