3 0.1109375 0.8625 0.06640625 0.12083333333333333
3 0.2421875 0.809375 0.06796875 0.084375
3 0.2796875 0.8947916666666667 0.08203125 0.12604166666666666
1 0.7859375 0.41770833333333335 0.1140625 0.11875
1 0.3984375 0.81875 0.178125 0.12083333333333333
1 0.71015625 0.8885416666666667 0.14609375 0.221875
0 0.78515625 0.28541666666666665 0.040625 0.08125
0 0.659375 0.484375 0.040625 0.084375
0 0.378125 0.246875 0.03359375 0.05416666666666667
0 0.41875 0.390625 0.0265625 0.06458333333333334
2 0.546875 0.7322916666666667 0.04140625 0.052083333333333336
2 0.45625 0.534375 0.05390625 0.06145833333333333
2 0.9375 0.30104166666666665 0.04453125 0.034375