2 0.403125 0.9479166666666666 0.03359375 0.023958333333333335
2 0.4703125 0.8833333333333333 0.02421875 0.020833333333333332
2 0.54140625 0.8708333333333333 0.02578125 0.028125
2 0.83984375 0.975 0.025 0.040625
0 0.7203125 0.5166666666666667 0.05234375 0.10416666666666667
0 0.63671875 0.5291666666666667 0.0375 0.0625
0 0.59765625 0.571875 0.02578125 0.05625
0 0.60390625 0.6416666666666667 0.0375 0.05520833333333333
0 0.653125 0.65 0.03984375 0.07083333333333333
0 0.78828125 0.6739583333333333 0.034375 0.071875
0 0.69375 0.6760416666666667 0.04140625 0.08333333333333333
0 0.5296875 0.8927083333333333 0.0546875 0.08645833333333333
0 0.3375 0.8760416666666667 0.0578125 0.08645833333333333