2 0.321875 0.7885416666666667 0.040625 0.08125
2 0.640625 0.8041666666666667 0.04140625 0.07604166666666666
0 0.87265625 0.671875 0.03203125 0.04479166666666667
0 0.828125 0.6177083333333333 0.03203125 0.059375
0 0.52265625 0.37083333333333335 0.05390625 0.128125
0 0.415625 0.278125 0.04140625 0.09583333333333334
0 0.3484375 0.22708333333333333 0.053125 0.11354166666666667
0 0.19453125 0.38229166666666664 0.078125 0.128125
1 0.36484375 0.41770833333333335 0.15703125 0.31145833333333334
1 0.27109375 0.6375 0.178125 0.13333333333333333
1 0.50703125 0.7552083333333334 0.08359375 0.12395833333333334