0 0.20625 0.553125 0.04609375 0.06875
0 0.284375 0.71875 0.0265625 0.029166666666666667
3 0.259375 0.659375 0.0234375 0.034375
3 0.340625 0.68125 0.01640625 0.04479166666666667
3 0.63671875 0.5083333333333333 0.03203125 0.05416666666666667
0 0.32265625 0.6145833333333334 0.02890625 0.04895833333333333
0 0.36171875 0.7 0.0375 0.057291666666666664
0 0.46875 0.9552083333333333 0.034375 0.059375
0 0.5078125 0.9010416666666666 0.040625 0.05416666666666667
0 0.69375 0.9479166666666666 0.07109375 0.10416666666666667
3 0.41875 0.68125 0.0265625 0.05416666666666667
3 0.3078125 0.5375 0.0265625 0.0375
3 0.41640625 0.9510416666666667 0.03359375 0.04895833333333333
3 0.61171875 0.8416666666666667 0.06796875 0.084375
3 0.765625 0.90625 0.07890625 0.10833333333333334
3 0.446875 0.6552083333333333 0.02890625 0.0375
3 0.49140625 0.6072916666666667 0.04140625 0.06458333333333334
3 0.4953125 0.7989583333333333 0.05703125 0.10625
3 0.90859375 0.8145833333333333 0.1640625 0.16770833333333332
0 0.65703125 0.7583333333333333 0.06640625 0.10416666666666667
0 0.5921875 0.6802083333333333 0.0375 0.08125
0 0.55234375 0.6135416666666667 0.034375 0.0375
0 0.5640625 0.5375 0.0640625 0.09166666666666666
0 0.4265625 0.5416666666666666 0.05 0.071875
0 0.48671875 0.33958333333333335 0.065625 0.09583333333333334
3 0.434375 0.440625 0.04296875 0.08125
3 0.5140625 0.471875 0.05859375 0.09375
3 0.740625 0.35833333333333334 0.08046875 0.10416666666666667
3 0.6109375 0.259375 0.0640625 0.11354166666666667