1 0.8640625 0.5625 0.1046875 0.15729166666666666
0 0.53671875 0.9208333333333333 0.0875 0.11770833333333333
0 0.559375 0.7427083333333333 0.08125 0.16979166666666667
0 0.67265625 0.825 0.06796875 0.11145833333333334
0 0.490625 0.3489583333333333 0.06171875 0.09479166666666666
0 0.70234375 0.2864583333333333 0.053125 0.06979166666666667
0 0.6703125 0.215625 0.04296875 0.07291666666666667
0 0.73203125 0.17395833333333333 0.03828125 0.09479166666666666
0 0.38671875 0.11979166666666667 0.05859375 0.07916666666666666
0 0.31328125 0.14166666666666666 0.05390625 0.06041666666666667
0 0.31015625 0.065625 0.05078125 0.05
0 0.103125 0.175 0.07265625 0.11458333333333333
0 0.6484375 0.022916666666666665 0.0453125 0.04375
3 0.40234375 0.3885416666666667 0.078125 0.11458333333333333
2 0.85703125 0.7239583333333334 0.02890625 0.053125
2 0.4703125 0.6614583333333334 0.0265625 0.059375
2 0.3515625 0.23020833333333332 0.03203125 0.035416666666666666