2 0.75546875 0.259375 0.025 0.029166666666666667
2 0.91484375 0.23958333333333334 0.03203125 0.034375
2 0.953125 0.328125 0.02890625 0.034375
2 0.546875 0.4864583333333333 0.01796875 0.029166666666666667
2 0.51328125 0.44166666666666665 0.02109375 0.029166666666666667
2 0.553125 0.6239583333333333 0.01953125 0.027083333333333334
2 0.534375 0.6552083333333333 0.01796875 0.0375
3 0.6109375 0.5989583333333334 0.05859375 0.08645833333333333
3 0.40078125 0.5510416666666667 0.05390625 0.084375
0 0.3625 0.5947916666666667 0.05 0.10416666666666667
0 0.41328125 0.6708333333333333 0.0625 0.115625
0 0.64140625 0.5072916666666667 0.09453125 0.13541666666666666
0 0.8453125 0.7479166666666667 0.09609375 0.07395833333333333
0 0.72421875 0.8208333333333333 0.065625 0.09166666666666666