2 0.56953125 0.8729166666666667 0.028125 0.03229166666666667
2 0.5359375 0.8677083333333333 0.03046875 0.03229166666666667
2 0.93125 0.42916666666666664 0.0484375 0.04479166666666667
2 0.896875 0.3885416666666667 0.0359375 0.041666666666666664
2 0.75390625 0.37604166666666666 0.0390625 0.041666666666666664
2 0.62109375 0.48541666666666666 0.028125 0.0375
2 0.653125 0.6520833333333333 0.0234375 0.029166666666666667
2 0.83359375 0.8614583333333333 0.078125 0.08854166666666667
2 0.9640625 0.5916666666666667 0.071875 0.06145833333333333
3 0.30078125 0.6125 0.03203125 0.05416666666666667
0 0.11640625 0.41875 0.028125 0.03229166666666667
0 0.1875 0.5822916666666667 0.04140625 0.04479166666666667
0 0.284375 0.521875 0.025 0.041666666666666664
0 0.196875 0.39479166666666665 0.0359375 0.09375
0 0.159375 0.35833333333333334 0.0125 0.029166666666666667
0 0.17890625 0.278125 0.03046875 0.046875
0 0.1 0.23229166666666667 0.028125 0.029166666666666667
0 0.0265625 0.19791666666666666 0.025 0.034375
0 0.046875 0.17604166666666668 0.02890625 0.027083333333333334
0 0.01953125 0.12395833333333334 0.021875 0.029166666666666667
0 0.078125 0.025 0.04296875 0.04479166666666667
0 0.146875 0.041666666666666664 0.03046875 0.03958333333333333
0 0.109375 0.06458333333333334 0.0484375 0.059375
0 0.0984375 0.165625 0.06953125 0.06458333333333334
0 0.146875 0.134375 0.0359375 0.046875
0 0.165625 0.190625 0.0375 0.04479166666666667
0 0.18671875 0.134375 0.0484375 0.06666666666666667
0 0.21875 0.228125 0.04296875 0.071875
0 0.26875 0.24895833333333334 0.03203125 0.059375
0 0.50625 0.3458333333333333 0.04609375 0.084375
0 0.596875 0.052083333333333336 0.0625 0.084375
0 0.74296875 0.035416666666666666 0.0859375 0.06666666666666667
0 0.353125 0.5416666666666666 0.01640625 0.06145833333333333
0 0.459375 0.42916666666666664 0.04609375 0.084375
0 0.521875 0.5125 0.065625 0.12083333333333333
0 0.7203125 0.828125 0.0984375 0.14583333333333334
1 0.76953125 0.209375 0.0609375 0.153125
3 0.21796875 0.5177083333333333 0.025 0.041666666666666664
3 0.221875 0.09375 0.0515625 0.07395833333333333
3 0.321875 0.30625 0.04453125 0.059375
3 0.346875 0.20833333333333334 0.05703125 0.10104166666666667
3 0.5046875 0.13333333333333333 0.04296875 0.05416666666666667
3 0.4765625 0.23541666666666666 0.06640625 0.11145833333333334
3 0.69453125 0.134375 0.0890625 0.10625
3 0.59609375 0.39895833333333336 0.05 0.09166666666666666
3 0.71171875 0.440625 0.0875 0.115625
3 0.84375 0.48020833333333335 0.134375 0.18020833333333333
3 0.46875 0.8791666666666667 0.07890625 0.14791666666666667
3 0.56171875 0.7260416666666667 0.0765625 0.11875
3 0.68828125 0.9302083333333333 0.1234375 0.13958333333333334