2 0.740625 0.5447916666666667 0.021875 0.0375
2 0.721875 0.4239583333333333 0.02890625 0.0375
3 0.834375 0.9729166666666667 0.07890625 0.05416666666666667
3 0.1796875 0.975 0.0734375 0.04895833333333333
3 0.31015625 0.5916666666666667 0.1515625 0.23958333333333334
3 0.840625 0.615625 0.08359375 0.11145833333333334
3 0.9203125 0.478125 0.159375 0.21458333333333332
0 0.459375 0.9604166666666667 0.09140625 0.07916666666666666
0 0.71171875 0.8885416666666667 0.0875 0.1875
0 0.734375 0.7260416666666667 0.09453125 0.153125
0 0.67265625 0.6239583333333333 0.06796875 0.10104166666666667
0 0.5796875 0.6854166666666667 0.06796875 0.09166666666666666
0 0.60390625 0.5604166666666667 0.078125 0.10833333333333334
0 0.6015625 0.2791666666666667 0.078125 0.11875
0 0.7203125 0.058333333333333334 0.09296875 0.11145833333333334