0 0.86171875 0.30520833333333336 0.04296875 0.057291666666666664
0 0.903125 0.478125 0.034375 0.0375
0 0.665625 0.2677083333333333 0.034375 0.052083333333333336
0 0.74140625 0.3885416666666667 0.0390625 0.057291666666666664
0 0.7703125 0.4427083333333333 0.0484375 0.06666666666666667
0 0.82734375 0.5177083333333333 0.0515625 0.06666666666666667
0 0.615625 0.340625 0.04609375 0.07395833333333333
0 0.63515625 0.39895833333333336 0.0484375 0.071875
0 0.578125 0.38229166666666664 0.0375 0.059375
0 0.446875 0.46458333333333335 0.053125 0.07916666666666666
0 0.65546875 0.5354166666666667 0.0359375 0.06458333333333334
0 0.5796875 0.6072916666666667 0.05390625 0.10833333333333334
3 0.90703125 0.37395833333333334 0.0390625 0.057291666666666664
3 0.96015625 0.359375 0.0515625 0.06145833333333333
3 0.7859375 0.2760416666666667 0.04140625 0.034375
3 0.54140625 0.24791666666666667 0.0359375 0.03229166666666667
3 0.49921875 0.32395833333333335 0.040625 0.059375
3 0.4578125 0.328125 0.0515625 0.06458333333333334
3 0.5421875 0.375 0.04609375 0.03958333333333333
3 0.4234375 0.40625 0.04140625 0.052083333333333336
3 0.51328125 0.41458333333333336 0.05390625 0.06875
3 0.45703125 0.5291666666666667 0.0609375 0.07604166666666666
3 0.90625 0.5270833333333333 0.04609375 0.09166666666666666
3 0.940625 0.7854166666666667 0.0390625 0.06875
3 0.25234375 0.79375 0.090625 0.15104166666666666