2 0.21015625 0.5458333333333333 0.04609375 0.06875
2 0.2625 0.2864583333333333 0.04140625 0.05416666666666667
2 0.6921875 0.34270833333333334 0.0484375 0.059375
2 0.496875 0.96875 0.0515625 0.06145833333333333
2 0.79921875 0.9729166666666667 0.0484375 0.05416666666666667
0 0.17265625 0.3958333333333333 0.02890625 0.07604166666666666
0 0.4 0.50625 0.0390625 0.06875
0 0.5125 0.3541666666666667 0.0359375 0.046875
0 0.96953125 0.33541666666666664 0.0609375 0.084375
0 0.7453125 0.8177083333333334 0.0734375 0.12395833333333334
1 0.41640625 0.8375 0.13046875 0.2125
1 0.14453125 0.8041666666666667 0.20546875 0.12083333333333333
1 0.50546875 0.4552083333333333 0.0859375 0.09166666666666666