3 0.30546875 0.60625 0.05859375 0.10416666666666667
3 0.35859375 0.25104166666666666 0.053125 0.06458333333333334
3 0.34453125 0.334375 0.07578125 0.07916666666666666
3 0.57265625 0.23333333333333334 0.08984375 0.10833333333333334
3 0.35078125 0.16770833333333332 0.06953125 0.10833333333333334
3 0.45625 0.4864583333333333 0.06171875 0.10520833333333333
3 0.0265625 0.49583333333333335 0.0515625 0.16666666666666666
3 0.16875 0.49270833333333336 0.06328125 0.11770833333333333
3 0.10703125 0.621875 0.075 0.10208333333333333
3 0.06875 0.7322916666666667 0.06171875 0.1
3 0.096875 0.8635416666666667 0.11328125 0.14166666666666666
3 0.3390625 0.7291666666666666 0.0859375 0.16770833333333332
3 0.49453125 0.4114583333333333 0.0671875 0.1
3 0.44296875 0.38125 0.0703125 0.11979166666666667
3 0.58125 0.47708333333333336 0.0765625 0.11458333333333333
3 0.90859375 0.55 0.09453125 0.128125
3 0.928125 0.36666666666666664 0.08203125 0.17708333333333334
3 0.6703125 0.6229166666666667 0.06796875 0.13020833333333334
3 0.471875 0.95 0.04375 0.1
3 0.5546875 0.846875 0.09375 0.14791666666666667
3 0.38125 0.9010416666666666 0.10703125 0.17604166666666668
3 0.31015625 0.9291666666666667 0.08359375 0.140625
3 0.25546875 0.9520833333333333 0.07578125 0.09583333333333334
0 0.109375 0.058333333333333334 0.0953125 0.10520833333333333
0 0.23359375 0.053125 0.06015625 0.075
0 0.4921875 0.052083333333333336 0.04921875 0.078125
0 0.5453125 0.14166666666666666 0.0625 0.08958333333333333
0 0.721875 0.071875 0.04453125 0.08333333333333333
0 0.596875 0.33125 0.04453125 0.090625
0 0.51484375 0.30833333333333335 0.04375 0.109375
0 0.209375 0.21875 0.06171875 0.09479166666666666
0 0.1265625 0.27708333333333335 0.06484375 0.11458333333333333
0 0.07578125 0.3729166666666667 0.0625 0.11145833333333334
0 0.196875 0.403125 0.07890625 0.1125
0 0.26875 0.4791666666666667 0.06328125 0.09791666666666667
0 0.25078125 0.6135416666666667 0.05859375 0.09895833333333333
0 0.1484375 0.6958333333333333 0.08828125 0.14479166666666668
0 0.209375 0.875 0.06640625 0.12083333333333333
0 0.41484375 0.7479166666666667 0.07265625 0.11145833333333334
0 0.465625 0.6364583333333333 0.05234375 0.115625
0 0.47109375 0.7979166666666667 0.05390625 0.11145833333333334
0 0.6546875 0.846875 0.0703125 0.12083333333333333