2 0.2671875 0.6760416666666667 0.04296875 0.04895833333333333
2 0.34296875 0.815625 0.03359375 0.08645833333333333
2 0.3375 0.7197916666666667 0.05859375 0.07604166666666666
2 0.246875 0.9072916666666667 0.0390625 0.057291666666666664
2 0.4859375 0.6979166666666666 0.0640625 0.057291666666666664
2 0.81953125 0.6083333333333333 0.0640625 0.08125
2 0.52578125 0.8854166666666666 0.0515625 0.071875
2 0.85078125 0.8458333333333333 0.0375 0.052083333333333336
0 0.3296875 0.2916666666666667 0.0234375 0.06458333333333334
0 0.3671875 0.4375 0.02890625 0.07395833333333333
0 0.65859375 0.5458333333333333 0.053125 0.08854166666666667
0 0.809375 0.24583333333333332 0.05859375 0.09166666666666666
1 0.8296875 0.415625 0.134375 0.13125