2 0.19765625 0.7708333333333334 0.06796875 0.11354166666666667
2 0.753125 0.40208333333333335 0.0390625 0.05416666666666667
2 0.63984375 0.725 0.034375 0.06145833333333333
0 0.24140625 0.13958333333333334 0.03046875 0.046875
0 0.52421875 0.0625 0.01796875 0.03229166666666667
0 0.559375 0.1125 0.03359375 0.046875
0 0.771875 0.15208333333333332 0.040625 0.07604166666666666
0 0.59375 0.228125 0.02890625 0.057291666666666664
0 0.6421875 0.27395833333333336 0.0625 0.084375
0 0.67578125 0.35208333333333336 0.05390625 0.08645833333333333
0 0.646875 0.4510416666666667 0.06640625 0.10625
0 0.15078125 0.440625 0.05390625 0.07604166666666666
1 0.91171875 0.14479166666666668 0.115625 0.09166666666666666
1 0.303125 0.8010416666666667 0.15703125 0.13125
1 0.06953125 0.615625 0.05859375 0.14583333333333334