2 0.22734375 0.23541666666666666 0.04609375 0.057291666666666664
2 0.2234375 0.73125 0.04453125 0.04895833333333333
2 0.32734375 0.8614583333333333 0.04296875 0.07916666666666666
0 0.253125 0.8885416666666667 0.1734375 0.221875
0 0.453125 0.5427083333333333 0.05390625 0.084375
0 0.7671875 0.7645833333333333 0.0515625 0.09166666666666666
0 0.66171875 0.46875 0.059375 0.07395833333333333
0 0.49609375 0.35208333333333336 0.04140625 0.06666666666666667
0 0.44296875 0.2791666666666667 0.03359375 0.04895833333333333
0 0.41953125 0.09375 0.0359375 0.06458333333333334
0 0.3125 0.071875 0.04140625 0.04895833333333333