3 0.6828125 0.671875 0.0734375 0.13333333333333333
1 0.59921875 0.6083333333333333 0.115625 0.13125
0 0.88828125 0.9197916666666667 0.08203125 0.13125
0 0.50859375 0.6604166666666667 0.071875 0.115625
0 0.859375 0.5791666666666667 0.05546875 0.08125
0 0.678125 0.5708333333333333 0.034375 0.06458333333333334
0 0.6109375 0.340625 0.04453125 0.07916666666666666
0 0.57109375 0.390625 0.046875 0.07916666666666666
0 0.446875 0.4010416666666667 0.04453125 0.08125
0 0.4765625 0.33541666666666664 0.05546875 0.08854166666666667
0 0.3734375 0.3020833333333333 0.03046875 0.041666666666666664
0 0.31328125 0.315625 0.034375 0.06875
0 0.22890625 0.328125 0.03359375 0.07395833333333333
0 0.15703125 0.45208333333333334 0.071875 0.11875
0 0.028125 0.6979166666666666 0.05390625 0.11145833333333334
2 0.365625 0.9666666666666667 0.0390625 0.06666666666666667
2 0.49609375 0.8125 0.103125 0.084375
2 0.353125 0.7447916666666666 0.06640625 0.08125
2 0.41796875 0.8083333333333333 0.04140625 0.06145833333333333
2 0.2203125 0.646875 0.0515625 0.059375