2 0.2046875 0.7458333333333333 0.03203125 0.04479166666666667
0 0.0546875 0.21979166666666666 0.0515625 0.084375
0 0.2640625 0.19166666666666668 0.046875 0.052083333333333336
0 0.28359375 0.2916666666666667 0.03359375 0.06875
0 0.34140625 0.3416666666666667 0.03046875 0.07604166666666666
0 0.3515625 0.559375 0.0390625 0.071875
0 0.478125 0.43125 0.0265625 0.041666666666666664
0 0.62421875 0.4322916666666667 0.02109375 0.05416666666666667
0 0.7234375 0.4395833333333333 0.025 0.04479166666666667
0 0.88515625 0.6614583333333334 0.0375 0.059375
0 0.840625 0.8447916666666667 0.04140625 0.07395833333333333
0 0.71953125 0.9072916666666667 0.05859375 0.07604166666666666
1 0.13984375 0.9291666666666667 0.140625 0.140625
1 0.4875 0.6458333333333334 0.09453125 0.052083333333333336
1 0.590625 0.73125 0.08359375 0.059375
1 0.73046875 0.7208333333333333 0.125 0.11875