3 0.0515625 0.7583333333333333 0.1 0.11354166666666667
3 0.34609375 0.7010416666666667 0.0640625 0.08854166666666667
0 0.87265625 0.9833333333333333 0.1390625 0.03333333333333333
0 0.48515625 0.8791666666666667 0.0515625 0.084375
0 0.553125 0.7583333333333333 0.05859375 0.08854166666666667
0 0.6375 0.546875 0.0609375 0.09166666666666666
3 0.728125 0.5989583333333334 0.1 0.175
3 0.834375 0.5916666666666667 0.084375 0.11145833333333334
0 0.7984375 0.33541666666666664 0.0890625 0.11875
0 0.71953125 0.36041666666666666 0.05859375 0.084375
0 0.79453125 0.13229166666666667 0.053125 0.10625
3 0.7171875 0.25104166666666666 0.0734375 0.15104166666666666
2 0.52109375 0.17395833333333333 0.03046875 0.057291666666666664
2 0.62890625 0.09791666666666667 0.04140625 0.057291666666666664