0 0.91484375 0.4166666666666667 0.07265625 0.15
0 0.86875 0.8177083333333334 0.09453125 0.1875
0 0.38984375 0.95 0.08984375 0.1
0 0.5890625 0.8895833333333333 0.05078125 0.12916666666666668
0 0.18359375 0.425 0.08671875 0.13125
0 0.10703125 0.12916666666666668 0.07734375 0.09895833333333333
3 0.7375 0.7197916666666667 0.128125 0.1875
3 0.2625 0.5947916666666667 0.0953125 0.13958333333333334
3 0.62265625 0.33229166666666665 0.04140625 0.07916666666666666
3 0.43671875 0.26666666666666666 0.03203125 0.036458333333333336
3 0.59921875 0.09583333333333334 0.03046875 0.029166666666666667
3 0.3609375 0.8114583333333333 0.02421875 0.053125