2 0.34453125 0.46458333333333335 0.046875 0.05416666666666667
1 0.384375 0.896875 0.234375 0.20625
1 0.87109375 0.6604166666666667 0.2390625 0.2
1 0.9703125 0.484375 0.059375 0.1625
1 0.46484375 0.5333333333333333 0.1484375 0.19791666666666666
1 0.5203125 0.5885416666666666 0.12109375 0.15520833333333334
1 0.04609375 0.6479166666666667 0.0890625 0.165625
1 0.1734375 0.39479166666666665 0.06640625 0.17291666666666666
1 0.6296875 0.21354166666666666 0.115625 0.10625
2 0.603125 0.7145833333333333 0.015625 0.0375
2 0.56328125 0.6822916666666666 0.03203125 0.027083333333333334