3 0.2125 0.9791666666666666 0.078125 0.041666666666666664
2 0.709375 0.3458333333333333 0.0359375 0.04479166666666667
2 0.74296875 0.32916666666666666 0.028125 0.06145833333333333
2 0.784375 0.33125 0.03359375 0.04479166666666667
2 0.746875 0.7666666666666667 0.02890625 0.046875
2 0.7859375 0.7604166666666666 0.03359375 0.03958333333333333
3 0.68046875 0.834375 0.05546875 0.09375
0 0.459375 0.98125 0.0515625 0.0375
0 0.58671875 0.6072916666666667 0.040625 0.06875
0 0.634375 0.6010416666666667 0.05390625 0.12083333333333333
0 0.525 0.7885416666666667 0.053125 0.08645833333333333
0 0.89375 0.6854166666666667 0.1515625 0.13125
0 0.92421875 0.928125 0.1515625 0.14270833333333333
3 0.5734375 0.5 0.05546875 0.13541666666666666
3 0.59609375 0.83125 0.0640625 0.175