2 0.8453125 0.9125 0.03203125 0.046875
3 0.75859375 0.26875 0.0359375 0.059375
3 0.73828125 0.4979166666666667 0.0515625 0.071875
0 0.21015625 0.44479166666666664 0.034375 0.059375
0 0.30859375 0.459375 0.03046875 0.05416666666666667
0 0.34765625 0.3614583333333333 0.040625 0.071875
0 0.5453125 0.0625 0.0515625 0.10625
0 0.66640625 0.321875 0.06953125 0.11145833333333334
0 0.58125 0.49895833333333334 0.07109375 0.11875
0 0.5265625 0.5989583333333334 0.05859375 0.09583333333333334
0 0.596875 0.6260416666666667 0.078125 0.12083333333333333
0 0.80703125 0.4875 0.071875 0.13125
0 0.8359375 0.6020833333333333 0.1 0.08854166666666667
0 0.94921875 0.7197916666666667 0.1015625 0.09166666666666666
0 0.63671875 0.8145833333333333 0.0484375 0.09375
0 0.346875 0.7854166666666667 0.075 0.11875
3 0.909375 0.23125 0.09453125 0.071875
3 0.67109375 0.1375 0.06953125 0.10104166666666667
3 0.60234375 0.37604166666666666 0.040625 0.06666666666666667
3 0.490625 0.3541666666666667 0.05 0.071875
3 0.378125 0.5354166666666667 0.05859375 0.13333333333333333
3 0.4390625 0.5041666666666667 0.04453125 0.09895833333333333
3 0.49375 0.5791666666666667 0.0515625 0.11145833333333334
3 0.3109375 0.7 0.046875 0.07604166666666666
3 0.434375 0.6666666666666666 0.0765625 0.128125
3 0.36796875 0.8677083333333333 0.078125 0.115625