2 0.15078125 0.421875 0.02890625 0.034375
2 0.44765625 0.4708333333333333 0.01796875 0.03229166666666667
2 0.4453125 0.5583333333333333 0.0234375 0.034375
2 0.225 0.6333333333333333 0.03046875 0.041666666666666664
2 0.159375 0.6479166666666667 0.03203125 0.052083333333333336
3 0.37109375 0.353125 0.0640625 0.09895833333333333
3 0.32109375 0.6927083333333334 0.0859375 0.13125
3 0.496875 0.584375 0.0640625 0.09166666666666666
3 0.696875 0.5604166666666667 0.05546875 0.09895833333333333
3 0.78125 0.5520833333333334 0.06796875 0.09166666666666666
2 0.625 0.80625 0.025 0.046875
2 0.5765625 0.8322916666666667 0.03359375 0.06875
2 0.53828125 0.8458333333333333 0.0265625 0.046875
0 0.21796875 0.07083333333333333 0.071875 0.057291666666666664
0 0.340625 0.16875 0.0609375 0.08645833333333333
0 0.384375 0.27395833333333336 0.05 0.084375
0 0.55078125 0.559375 0.05703125 0.12083333333333333
0 0.69453125 0.6083333333333333 0.08359375 0.10104166666666667
0 0.865625 0.6510416666666666 0.109375 0.13541666666666666
0 0.12109375 0.7270833333333333 0.153125 0.18541666666666667