3 0.4921875 0.2791666666666667 0.0734375 0.13333333333333333
0 0.50859375 0.18020833333333333 0.053125 0.09375
0 0.4734375 0.04583333333333333 0.06640625 0.08645833333333333
0 0.24921875 0.671875 0.1234375 0.15833333333333333
2 0.5484375 0.5427083333333333 0.025 0.03958333333333333
2 0.30546875 0.5510416666666667 0.03046875 0.059375
2 0.26875 0.5791666666666667 0.02890625 0.06145833333333333
2 0.70546875 0.7208333333333333 0.03046875 0.03958333333333333
2 0.7171875 0.8583333333333333 0.02109375 0.0375
2 0.66484375 0.8708333333333333 0.03203125 0.052083333333333336
2 0.621875 0.875 0.03359375 0.03229166666666667
0 0.65859375 0.6395833333333333 0.06640625 0.09375
0 0.8125 0.6864583333333333 0.09140625 0.08854166666666667
0 0.97265625 0.7614583333333333 0.05390625 0.09583333333333334
3 0.8453125 0.63125 0.10703125 0.12083333333333333
3 0.934375 0.6552083333333333 0.0859375 0.10625
3 0.421875 0.646875 0.0859375 0.14270833333333333
3 0.53046875 0.7760416666666666 0.071875 0.12604166666666666
3 0.228125 0.9447916666666667 0.084375 0.10625