2 0.0546875 0.04583333333333333 0.05390625 0.057291666666666664
2 0.321875 0.2 0.025 0.029166666666666667
2 0.18125 0.525 0.0484375 0.0375
2 0.11328125 0.13541666666666666 0.034375 0.029166666666666667
2 0.12890625 0.46041666666666664 0.046875 0.0375
2 0.065625 0.8416666666666667 0.0265625 0.019791666666666666
2 0.28984375 0.8197916666666667 0.02890625 0.029166666666666667
0 0.084375 0.6052083333333333 0.16640625 0.11875
0 0.2109375 0.7489583333333333 0.06953125 0.071875
0 0.29375 0.66875 0.084375 0.09895833333333333
2 0.36875 0.5510416666666667 0.02109375 0.029166666666666667
2 0.553125 0.4625 0.025 0.046875
2 0.4484375 0.6145833333333334 0.021875 0.025
2 0.4515625 0.575 0.01953125 0.025
2 0.4078125 0.59375 0.0234375 0.021875
2 0.58203125 0.378125 0.025 0.03958333333333333
2 0.55234375 0.38229166666666664 0.034375 0.034375
2 0.91640625 0.5135416666666667 0.0390625 0.04479166666666667
0 0.4625 0.9833333333333333 0.040625 0.03333333333333333
0 0.4453125 0.8510416666666667 0.065625 0.08645833333333333
0 0.49921875 0.6552083333333333 0.090625 0.12604166666666666
0 0.80859375 0.43854166666666666 0.121875 0.10625
0 0.6359375 0.721875 0.05859375 0.08125
0 0.65078125 0.6385416666666667 0.0765625 0.07604166666666666
0 0.6265625 0.9645833333333333 0.053125 0.057291666666666664
0 0.7578125 0.8645833333333334 0.0484375 0.06875
0 0.8796875 0.7333333333333333 0.05390625 0.05416666666666667
0 0.946875 0.6875 0.0515625 0.06145833333333333
3 0.8296875 0.88125 0.05390625 0.03958333333333333
3 0.33046875 0.26458333333333334 0.046875 0.059375
3 0.3375 0.384375 0.05859375 0.071875
3 0.44296875 0.34791666666666665 0.06640625 0.10416666666666667
3 0.45703125 0.2375 0.078125 0.09895833333333333
3 0.6171875 0.24270833333333333 0.0765625 0.12604166666666666
3 0.7515625 0.051041666666666666 0.125 0.09583333333333334