1 0.796875 0.453125 0.053125 0.13125
1 0.321875 0.43854166666666666 0.140625 0.115625
1 0.48515625 0.39791666666666664 0.084375 0.178125
1 0.41328125 0.928125 0.109375 0.14270833333333333
0 0.91328125 0.671875 0.09296875 0.14270833333333333
0 0.7546875 0.5614583333333333 0.02890625 0.07604166666666666
0 0.69375 0.6114583333333333 0.0515625 0.10625
0 0.6109375 0.5822916666666667 0.08046875 0.16770833333333332
0 0.95078125 0.21145833333333333 0.0484375 0.071875
0 0.95 0.10104166666666667 0.046875 0.059375
0 0.815625 0.190625 0.05546875 0.05416666666666667
0 0.8859375 0.046875 0.04453125 0.06458333333333334