2 0.4078125 0.5802083333333333 0.01796875 0.029166666666666667
2 0.296875 0.584375 0.01796875 0.021875
2 0.384375 0.665625 0.015625 0.017708333333333333
2 0.41171875 0.7864583333333334 0.015625 0.027083333333333334
2 0.3765625 0.7854166666666667 0.01953125 0.025
2 0.2671875 0.746875 0.02109375 0.027083333333333334
2 0.12578125 0.3541666666666667 0.034375 0.052083333333333336
3 0.934375 0.12083333333333333 0.13046875 0.15833333333333333
3 0.884375 0.2552083333333333 0.1375 0.13541666666666666
3 0.71640625 0.2708333333333333 0.0640625 0.09583333333333334
3 0.740625 0.128125 0.059375 0.08854166666666667
2 0.34609375 0.228125 0.01953125 0.071875
2 0.5109375 0.29270833333333335 0.04140625 0.046875
2 0.6421875 0.17083333333333334 0.03203125 0.029166666666666667
2 0.55859375 0.15416666666666667 0.04453125 0.041666666666666664
2 0.959375 0.35833333333333334 0.0515625 0.03958333333333333
2 0.69296875 0.484375 0.028125 0.029166666666666667
2 0.73359375 0.5489583333333333 0.0359375 0.027083333333333334
2 0.8015625 0.8458333333333333 0.04140625 0.017708333333333333
2 0.95234375 0.9427083333333334 0.04296875 0.029166666666666667
2 0.9171875 0.828125 0.040625 0.0375
2 0.9734375 0.8614583333333333 0.053125 0.04479166666666667
0 0.5421875 0.9197916666666667 0.09296875 0.16041666666666668
0 0.69765625 0.8729166666666667 0.08203125 0.09166666666666666
0 0.78828125 0.6239583333333333 0.13203125 0.13541666666666666
0 0.5796875 0.6729166666666667 0.11796875 0.19479166666666667
0 0.48359375 0.6260416666666667 0.05 0.041666666666666664
0 0.46328125 0.42604166666666665 0.09296875 0.13125
0 0.203125 0.18020833333333333 0.1375 0.153125
0 0.21875 0.365625 0.0765625 0.07916666666666666
0 0.07265625 0.5572916666666666 0.1375 0.15520833333333334