3 0.396875 0.21458333333333332 0.075 0.07916666666666666
3 0.7515625 0.7541666666666667 0.0890625 0.16041666666666668
3 0.66796875 0.778125 0.0859375 0.11875
3 0.2765625 0.5802083333333333 0.075 0.10416666666666667
0 0.89140625 0.8916666666666667 0.05 0.06875
0 0.2046875 0.24270833333333333 0.04296875 0.057291666666666664
0 0.45859375 0.34479166666666666 0.04453125 0.052083333333333336
1 0.12890625 0.8114583333333333 0.09453125 0.25416666666666665
1 0.6109375 0.8760416666666667 0.153125 0.10833333333333334
1 0.51875 0.6208333333333333 0.0515625 0.140625
1 0.13125 0.39375 0.12890625 0.10104166666666667
1 0.13828125 0.06770833333333333 0.1125 0.08645833333333333