3 0.07265625 0.30416666666666664 0.14296875 0.17291666666666666
3 0.065625 0.1 0.12890625 0.14583333333333334
2 0.73046875 0.14583333333333334 0.021875 0.03958333333333333
2 0.93515625 0.459375 0.03203125 0.034375
2 0.88203125 0.4 0.028125 0.04479166666666667
2 0.8296875 0.38645833333333335 0.03203125 0.041666666666666664
2 0.784375 0.37916666666666665 0.034375 0.0375
3 0.790625 0.19166666666666668 0.07109375 0.057291666666666664
3 0.61328125 0.16145833333333334 0.05390625 0.08645833333333333
3 0.459375 0.31354166666666666 0.046875 0.084375
3 0.23828125 0.49375 0.1125 0.14791666666666667
3 0.42421875 0.6645833333333333 0.0515625 0.07916666666666666
0 0.33515625 0.428125 0.0484375 0.10104166666666667
0 0.51015625 0.10104166666666667 0.0625 0.11354166666666667
0 0.6140625 0.5177083333333333 0.05859375 0.115625
0 0.7328125 0.6197916666666666 0.06796875 0.11354166666666667
0 0.653125 0.6125 0.06640625 0.128125
0 0.5078125 0.5510416666666667 0.0765625 0.128125
0 0.1421875 0.4 0.1015625 0.12395833333333334
0 0.1109375 0.828125 0.1390625 0.140625