0 0.88828125 0.32916666666666666 0.03203125 0.052083333333333336
0 0.959375 0.24479166666666666 0.046875 0.06458333333333334
0 0.97734375 0.346875 0.0453125 0.052083333333333336
0 0.2609375 0.640625 0.10859375 0.165625
0 0.53125 0.7864583333333334 0.0515625 0.11145833333333334
0 0.54921875 0.6 0.04296875 0.07395833333333333
0 0.596875 0.546875 0.046875 0.11145833333333334
0 0.39921875 0.240625 0.0515625 0.09166666666666666
0 0.5984375 0.4427083333333333 0.05546875 0.06666666666666667
0 0.521875 0.09375 0.05390625 0.07916666666666666
0 0.7390625 0.5552083333333333 0.046875 0.09375
0 0.8046875 0.48854166666666665 0.05390625 0.09895833333333333
0 0.8625 0.5572916666666666 0.046875 0.10625
0 0.97421875 0.5916666666666667 0.0515625 0.08125
0 0.8140625 0.36875 0.0609375 0.08645833333333333
0 0.86484375 0.4395833333333333 0.0234375 0.05416666666666667
0 0.84375 0.26145833333333335 0.040625 0.05416666666666667
3 0.3265625 0.19895833333333332 0.0890625 0.12604166666666666
3 0.4140625 0.16458333333333333 0.06640625 0.115625
3 0.3125 0.03854166666666667 0.10546875 0.071875
3 0.66796875 0.14791666666666667 0.06640625 0.09375
3 0.721875 0.125 0.0484375 0.07604166666666666
3 0.6734375 0.025 0.0609375 0.04479166666666667
2 0.11171875 0.020833333333333332 0.04296875 0.0375
2 0.14296875 0.06458333333333334 0.075 0.03958333333333333
2 0.20234375 0.029166666666666667 0.040625 0.05416666666666667
2 0.34921875 0.60625 0.0515625 0.06145833333333333
2 0.4015625 0.5354166666666667 0.03359375 0.059375
2 0.4046875 0.5802083333333333 0.03203125 0.04479166666666667
2 0.421875 0.6291666666666667 0.021875 0.034375
2 0.4 0.771875 0.01640625 0.0375
2 0.35234375 0.45416666666666666 0.0265625 0.034375
3 0.534375 0.5677083333333334 0.0375 0.09375
3 0.5015625 0.7239583333333334 0.0359375 0.07916666666666666
3 0.953125 0.4322916666666667 0.05 0.04895833333333333
3 0.91875 0.559375 0.04296875 0.07604166666666666
3 0.8078125 0.5645833333333333 0.040625 0.057291666666666664
3 0.5171875 0.020833333333333332 0.0375 0.0375