2 0.5125 0.058333333333333334 0.025 0.0375
2 0.60625 0.13333333333333333 0.0265625 0.04479166666666667
2 0.546875 0.17083333333333334 0.0234375 0.034375
2 0.47578125 0.5864583333333333 0.0234375 0.0375
2 0.33828125 0.490625 0.03203125 0.041666666666666664
2 0.20859375 0.9458333333333333 0.028125 0.04479166666666667
2 0.628125 0.6260416666666667 0.01953125 0.027083333333333334
2 0.740625 0.9666666666666667 0.0359375 0.0375
0 0.9359375 0.5291666666666667 0.121875 0.12604166666666666
0 0.97109375 0.28854166666666664 0.0578125 0.09375
0 0.9453125 0.18020833333333333 0.109375 0.06458333333333334
3 0.66171875 0.234375 0.04296875 0.09375
3 0.78671875 0.309375 0.04609375 0.06666666666666667
3 0.72109375 0.37395833333333334 0.0609375 0.11145833333333334
0 0.68515625 0.19270833333333334 0.0375 0.084375
0 0.72109375 0.23854166666666668 0.05 0.057291666666666664
0 0.68125 0.290625 0.034375 0.071875
0 0.65078125 0.39166666666666666 0.0484375 0.06666666666666667
0 0.61015625 0.5666666666666667 0.0484375 0.071875
3 0.18671875 0.584375 0.08203125 0.07604166666666666
3 0.434375 0.525 0.05390625 0.06145833333333333
3 0.47734375 0.8802083333333334 0.04296875 0.08125
0 0.4484375 0.4354166666666667 0.0640625 0.11145833333333334
0 0.5640625 0.671875 0.04140625 0.07395833333333333
0 0.14375 0.6666666666666666 0.084375 0.09375
0 0.22578125 0.684375 0.08203125 0.11875