0 0.53203125 0.7666666666666667 0.078125 0.17083333333333334
0 0.609375 0.5041666666666667 0.08046875 0.14270833333333333
0 0.5765625 0.325 0.0796875 0.134375
1 0.53984375 0.5572916666666666 0.09921875 0.1125
0 0.73359375 0.6260416666666667 0.09140625 0.14583333333333334
0 0.41875 0.8354166666666667 0.09453125 0.17083333333333334
3 0.35 0.75 0.11875 0.228125
2 0.565625 0.628125 0.03046875 0.04375
2 0.81953125 0.7260416666666667 0.01953125 0.03854166666666667
2 0.51875 0.3572916666666667 0.0265625 0.052083333333333336
2 0.4703125 0.38333333333333336 0.03359375 0.051041666666666666