2 0.19609375 0.6916666666666667 0.0390625 0.059375
2 0.13359375 0.671875 0.06640625 0.05416666666666667
2 0.28203125 0.8583333333333333 0.04453125 0.08645833333333333
2 0.21484375 0.5447916666666667 0.0734375 0.06145833333333333
2 0.31015625 0.6885416666666667 0.065625 0.09375
2 0.58984375 0.7916666666666666 0.0265625 0.057291666666666664
2 0.53984375 0.6291666666666667 0.1125 0.12395833333333334
0 0.60859375 0.928125 0.0859375 0.14270833333333333
0 0.31875 0.5885416666666666 0.0375 0.06145833333333333
0 0.790625 0.6802083333333333 0.0390625 0.08125
0 0.834375 0.5083333333333333 0.04453125 0.06875
0 0.7796875 0.434375 0.0265625 0.05416666666666667
0 0.75625 0.26458333333333334 0.04296875 0.05416666666666667
0 0.6625 0.2708333333333333 0.04140625 0.06666666666666667
0 0.31953125 0.2791666666666667 0.03359375 0.059375