0 0.6953125 0.026041666666666668 0.0375 0.046875
0 0.89296875 0.8989583333333333 0.053125 0.06875
0 0.94375 0.934375 0.0515625 0.08645833333333333
0 0.68203125 0.8458333333333333 0.04453125 0.09166666666666666
0 0.7265625 0.390625 0.04453125 0.08854166666666667
0 0.5140625 0.5864583333333333 0.0390625 0.071875
0 0.58359375 0.3875 0.053125 0.07395833333333333
0 0.49375 0.7677083333333333 0.059375 0.084375
3 0.39140625 0.25416666666666665 0.0640625 0.09895833333333333
0 0.4015625 0.027083333333333334 0.046875 0.04895833333333333
0 0.31640625 0.065625 0.05 0.07604166666666666
0 0.06875 0.14895833333333333 0.0765625 0.12604166666666666
0 0.05390625 0.83125 0.078125 0.10104166666666667
0 0.165625 0.240625 0.06640625 0.12083333333333333