3 0.71171875 0.7 0.1265625 0.21979166666666666
3 0.509375 0.825 0.134375 0.20208333333333334
3 0.5765625 0.409375 0.06953125 0.128125
3 0.42734375 0.48125 0.07890625 0.14791666666666667
0 0.571875 0.9416666666666667 0.09140625 0.115625
0 0.9015625 0.041666666666666664 0.11640625 0.07916666666666666
0 0.9140625 0.19479166666666667 0.1109375 0.221875
0 0.8265625 0.1375 0.103125 0.234375
0 0.71015625 0.053125 0.1125 0.10104166666666667
0 0.8515625 0.39166666666666666 0.13046875 0.19479166666666667
0 0.95 0.546875 0.1 0.21979166666666666
0 0.8640625 0.7208333333333333 0.11640625 0.2125
0 0.8265625 0.5958333333333333 0.103125 0.19479166666666667
0 0.37421875 0.7677083333333333 0.06796875 0.10416666666666667
0 0.36796875 0.9135416666666667 0.075 0.128125
0 0.42734375 0.14479166666666668 0.134375 0.26458333333333334
0 0.30078125 0.190625 0.10703125 0.16770833333333332
0 0.29453125 0.6447916666666667 0.08359375 0.11354166666666667
1 0.76953125 0.45729166666666665 0.05859375 0.2375
1 0.57109375 0.21145833333333333 0.13359375 0.29375
1 0.58046875 0.7052083333333333 0.146875 0.19479166666666667