0 0.85546875 0.49166666666666664 0.05859375 0.06875
0 0.90859375 0.421875 0.053125 0.06875
0 0.615625 0.46770833333333334 0.04140625 0.06145833333333333
0 0.22421875 0.79375 0.05703125 0.07604166666666666
0 0.284375 0.7291666666666666 0.046875 0.06666666666666667
0 0.334375 0.68125 0.04453125 0.05416666666666667
3 0.53125 0.5739583333333333 0.05390625 0.06145833333333333
3 0.57109375 0.621875 0.0359375 0.05416666666666667
3 0.85703125 0.6177083333333333 0.04140625 0.04479166666666667
3 0.91484375 0.740625 0.04296875 0.06458333333333334
3 0.72109375 0.8291666666666667 0.053125 0.09375
3 0.59609375 0.690625 0.05859375 0.08645833333333333
0 0.465625 0.9739583333333334 0.0984375 0.052083333333333336
0 0.409375 0.8947916666666667 0.075 0.140625
0 0.328125 0.9322916666666666 0.08203125 0.13541666666666666