3 0.1765625 0.8489583333333334 0.10859375 0.1875
3 0.109375 0.9125 0.084375 0.140625
0 0.9734375 0.5270833333333333 0.053125 0.11145833333333334
0 0.94375 0.7 0.09609375 0.16041666666666668
0 0.60390625 0.14791666666666667 0.0609375 0.11875
0 0.0640625 0.23958333333333334 0.096875 0.20208333333333334
0 0.221875 0.671875 0.07890625 0.14791666666666667
0 0.046875 0.959375 0.08359375 0.08125
3 0.93125 0.37083333333333335 0.0625 0.07916666666666666
3 0.921875 0.47604166666666664 0.0609375 0.08854166666666667
3 0.503125 0.559375 0.084375 0.140625
3 0.234375 0.4479166666666667 0.12890625 0.14583333333333334
3 0.175 0.584375 0.103125 0.165625
3 0.37265625 0.30104166666666665 0.0515625 0.06875
0 0.459375 0.20520833333333333 0.06640625 0.11875