1 0.29921875 0.7239583333333334 0.0625 0.26145833333333335
0 0.334375 0.7135416666666666 0.09140625 0.1625
1 0.35078125 0.8395833333333333 0.07890625 0.32083333333333336
1 0.4140625 0.73125 0.0890625 0.11354166666666667
1 0.43125 0.8677083333333333 0.06796875 0.26458333333333334
0 0.50546875 0.8010416666666667 0.1 0.21979166666666666
1 0.48046875 0.6125 0.09140625 0.128125
1 0.584375 0.6020833333333333 0.1625 0.19270833333333334
0 0.4078125 0.5583333333333333 0.0875 0.1625
1 0.3359375 0.459375 0.05546875 0.221875
1 0.315625 0.33125 0.0484375 0.1875
1 0.38828125 0.12083333333333333 0.07890625 0.16770833333333332
1 0.453125 0.43854166666666666 0.08046875 0.115625
1 0.509375 0.43333333333333335 0.1140625 0.21458333333333332
1 0.41953125 0.30625 0.10859375 0.178125
1 0.440625 0.2125 0.0609375 0.19791666666666666
1 0.61484375 0.43333333333333335 0.1265625 0.27395833333333336
0 0.584375 0.409375 0.078125 0.13854166666666667
0 0.51171875 0.32708333333333334 0.084375 0.140625
1 0.54375 0.12083333333333333 0.12890625 0.19270833333333334
0 0.58515625 0.2677083333333333 0.0875 0.14583333333333334
0 0.64375 0.12708333333333333 0.0765625 0.165625
0 0.53125 0.084375 0.07109375 0.10416666666666667
1 0.628125 0.840625 0.19609375 0.31875
1 0.54453125 0.9104166666666667 0.1078125 0.17916666666666667
1 0.615625 0.95 0.096875 0.1
1 0.74453125 0.7989583333333333 0.11640625 0.378125
0 0.678125 0.7614583333333333 0.10703125 0.19479166666666667
0 0.696875 0.59375 0.0984375 0.17083333333333334
0 0.74140625 0.10833333333333334 0.103125 0.17291666666666666
0 0.7484375 0.25833333333333336 0.11640625 0.15520833333333334
0 0.771875 0.4979166666666667 0.1109375 0.165625
1 0.74765625 0.37916666666666665 0.17890625 0.17083333333333334
1 0.83203125 0.17916666666666667 0.15 0.17083333333333334
1 0.84296875 0.075 0.1109375 0.115625