0 0.65390625 0.36041666666666666 0.04453125 0.09895833333333333
0 0.603125 0.325 0.05 0.09166666666666666
3 0.85234375 0.11145833333333334 0.05390625 0.084375
3 0.940625 0.08645833333333333 0.08203125 0.11875
3 0.72421875 0.31354166666666666 0.05390625 0.10833333333333334
3 0.803125 0.39791666666666664 0.084375 0.13854166666666667
3 0.746875 0.61875 0.046875 0.08645833333333333
3 0.6921875 0.81875 0.059375 0.12083333333333333
3 0.62578125 0.8947916666666667 0.04609375 0.10104166666666667
3 0.42109375 0.7572916666666667 0.06953125 0.12083333333333333
0 0.19453125 0.3885416666666667 0.05859375 0.09166666666666666
0 0.08671875 0.7916666666666666 0.10703125 0.15520833333333334
3 0.13359375 0.9020833333333333 0.1109375 0.15520833333333334