0 0.74453125 0.571875 0.075 0.17083333333333334
3 0.8265625 0.7208333333333333 0.0390625 0.06875
3 0.784375 0.6489583333333333 0.0609375 0.08854166666666667
0 0.21171875 0.6916666666666667 0.04609375 0.06875
0 0.67421875 0.041666666666666664 0.05703125 0.07916666666666666
3 0.29921875 0.090625 0.04609375 0.057291666666666664
3 0.0453125 0.27291666666666664 0.08203125 0.07604166666666666
3 0.35859375 0.14166666666666666 0.05546875 0.07604166666666666
3 0.3140625 0.37604166666666666 0.0640625 0.09583333333333334
3 0.34453125 0.565625 0.05 0.07916666666666666
3 0.2734375 0.521875 0.0609375 0.10104166666666667
3 0.66640625 0.784375 0.08046875 0.13541666666666666
3 0.7453125 0.8677083333333333 0.040625 0.08125
0 0.42890625 0.0625 0.078125 0.11145833333333334