0 0.49765625 0.4239583333333333 0.065625 0.12083333333333333
0 0.42890625 0.4114583333333333 0.0640625 0.10625
3 0.884375 0.3177083333333333 0.0984375 0.10625
0 0.38125 0.15729166666666666 0.040625 0.06145833333333333
0 0.2671875 0.3489583333333333 0.05703125 0.10104166666666667
0 0.36953125 0.46770833333333334 0.06640625 0.10625
0 0.64765625 0.253125 0.0625 0.115625
0 0.76796875 0.32708333333333334 0.05546875 0.071875
0 0.95703125 0.4625 0.0859375 0.15104166666666666
0 0.6296875 0.6822916666666666 0.06796875 0.09583333333333334
3 0.71796875 0.9395833333333333 0.0859375 0.12083333333333333
0 0.59921875 0.9395833333333333 0.059375 0.11145833333333334
0 0.48671875 0.9395833333333333 0.084375 0.12083333333333333
0 0.38828125 0.9770833333333333 0.0921875 0.04583333333333333
0 0.38515625 0.8447916666666667 0.09609375 0.1875
0 0.271875 0.9354166666666667 0.059375 0.10833333333333334
0 0.1203125 0.9270833333333334 0.084375 0.13541666666666666