3 0.58671875 0.5458333333333333 0.0375 0.06875
0 0.66015625 0.10104166666666667 0.0375 0.07395833333333333
3 0.05 0.546875 0.09453125 0.10104166666666667
3 0.1609375 0.5385416666666667 0.096875 0.09375
3 0.340625 0.5947916666666667 0.0515625 0.08854166666666667
3 0.63125 0.4 0.05390625 0.07916666666666666
3 0.57890625 0.3489583333333333 0.053125 0.09166666666666666
3 0.709375 0.23958333333333334 0.0484375 0.06875
3 0.5859375 0.14791666666666667 0.0390625 0.06875
0 0.275 0.81875 0.096875 0.18020833333333333
0 0.109375 0.453125 0.09609375 0.13125
0 0.153125 0.2552083333333333 0.05 0.07604166666666666
0 0.48359375 0.3572916666666667 0.0390625 0.08645833333333333
0 0.528125 0.37916666666666665 0.03359375 0.07604166666666666
0 0.69375 0.8875 0.07890625 0.140625
0 0.8859375 0.7510416666666667 0.08046875 0.16770833333333332
3 0.9765625 0.7875 0.046875 0.16770833333333332
3 0.8171875 0.9208333333333333 0.08203125 0.13333333333333333
3 0.75859375 0.8260416666666667 0.08046875 0.115625