3 0.68046875 0.6395833333333333 0.046875 0.11354166666666667
3 0.28125 0.90625 0.06796875 0.10416666666666667
0 0.41015625 0.9604166666666667 0.059375 0.07916666666666666
0 0.57265625 0.9395833333333333 0.0765625 0.12083333333333333
0 0.9765625 0.43125 0.046875 0.12604166666666666
3 0.70078125 0.33541666666666664 0.05703125 0.11354166666666667
3 0.6046875 0.31979166666666664 0.05390625 0.071875
3 0.27265625 0.6 0.0734375 0.128125
0 0.34375 0.4708333333333333 0.07890625 0.12083333333333333
0 0.10078125 0.3125 0.090625 0.115625
1 0.546875 0.246875 0.05390625 0.09375