3 0.546875 0.384375 0.04453125 0.057291666666666664
0 0.4953125 0.2947916666666667 0.04296875 0.07604166666666666
0 0.5328125 0.3 0.034375 0.06145833333333333
0 0.675 0.28229166666666666 0.0390625 0.07604166666666666
0 0.88828125 0.590625 0.0484375 0.084375
0 0.784375 0.9395833333333333 0.07890625 0.12083333333333333
0 0.6734375 0.5447916666666667 0.053125 0.06666666666666667
0 0.490625 0.4947916666666667 0.05859375 0.08645833333333333
3 0.184375 0.771875 0.040625 0.06145833333333333
3 0.63984375 0.48125 0.04296875 0.06875
3 0.80859375 0.5927083333333333 0.04453125 0.059375
3 0.82890625 0.725 0.053125 0.07604166666666666
1 0.9234375 0.9395833333333333 0.09453125 0.12083333333333333