0 0.3046875 0.04791666666666667 0.0765625 0.09166666666666666
0 0.1171875 0.6552083333333333 0.11796875 0.21458333333333332
0 0.54296875 0.23333333333333334 0.06640625 0.09166666666666666
0 0.45859375 0.1125 0.05859375 0.08125
3 0.04921875 0.4552083333333333 0.09609375 0.190625
3 0.275 0.41458333333333336 0.08046875 0.13854166666666667
3 0.32109375 0.2520833333333333 0.06640625 0.084375
3 0.496875 0.478125 0.065625 0.10625
3 0.59609375 0.2791666666666667 0.06640625 0.10416666666666667
3 0.6828125 0.36770833333333336 0.0734375 0.11875
3 0.715625 0.30625 0.053125 0.07916666666666666