0 0.33203125 0.22604166666666667 0.0390625 0.057291666666666664
0 0.11484375 0.2375 0.07109375 0.10416666666666667
0 0.3 0.30416666666666664 0.0359375 0.059375
0 0.3421875 0.4875 0.0375 0.07604166666666666
0 0.2671875 0.5625 0.06796875 0.09375
0 0.35859375 0.6583333333333333 0.06640625 0.11145833333333334
0 0.4234375 0.7145833333333333 0.0640625 0.13125
0 0.63359375 0.11979166666666667 0.04453125 0.07604166666666666
0 0.634375 0.30520833333333336 0.0359375 0.057291666666666664
0 0.6578125 0.3958333333333333 0.04609375 0.071875
0 0.76796875 0.221875 0.03359375 0.05416666666666667
0 0.88671875 0.3385416666666667 0.04296875 0.084375
0 0.6796875 0.8041666666666667 0.06796875 0.13125