1 0.16015625 0.30416666666666664 0.0765625 0.14270833333333333
1 0.046875 0.790625 0.090625 0.409375
1 0.1796875 0.6791666666666667 0.1015625 0.2760416666666667
1 0.121875 0.690625 0.0875 0.225
1 0.19921875 0.890625 0.1640625 0.21875
0 0.296875 0.921875 0.09296875 0.15520833333333334
2 0.665625 0.946875 0.16640625 0.10625
2 0.55390625 0.8739583333333333 0.10546875 0.2520833333333333
2 0.471875 0.9697916666666667 0.140625 0.06041666666666667
2 0.4703125 0.8291666666666667 0.0984375 0.2520833333333333
0 0.42578125 0.7145833333333333 0.12109375 0.23958333333333334
1 0.353125 0.63125 0.18046875 0.19479166666666667
0 0.35546875 0.5135416666666667 0.10546875 0.19270833333333334
1 0.2359375 0.40520833333333334 0.14453125 0.2125
1 0.26953125 0.471875 0.11953125 0.12395833333333334
1 0.36875 0.29375 0.1265625 0.1625
2 0.56875 0.5520833333333334 0.07109375 0.234375
0 0.509375 0.5604166666666667 0.10859375 0.2375
0 0.48515625 0.4395833333333333 0.1015625 0.153125
0 0.43046875 0.359375 0.078125 0.19479166666666667
2 0.6453125 0.26145833333333335 0.115625 0.20729166666666668
2 0.5625 0.2875 0.071875 0.10104166666666667
0 0.4875 0.3072916666666667 0.096875 0.140625
0 0.56796875 0.18020833333333333 0.09453125 0.13854166666666667
0 0.46484375 0.19166666666666668 0.09609375 0.15520833333333334
1 0.384375 0.18854166666666666 0.14140625 0.18020833333333333
1 0.30703125 0.1375 0.0609375 0.10104166666666667
1 0.34609375 0.06145833333333333 0.103125 0.11875
0 0.421875 0.052083333333333336 0.05703125 0.09895833333333333
1 0.46484375 0.04791666666666667 0.09609375 0.09166666666666666
0 0.53515625 0.07291666666666667 0.0734375 0.140625
1 0.58125 0.06041666666666667 0.0734375 0.115625
0 0.67578125 0.08125 0.115625 0.15833333333333333