0 0.28203125 0.615625 0.0390625 0.07604166666666666
0 0.31484375 0.6625 0.04609375 0.06666666666666667
0 0.1625 0.5333333333333333 0.0359375 0.059375
0 0.2015625 0.646875 0.03046875 0.05416666666666667
0 0.421875 0.609375 0.03359375 0.04895833333333333
0 0.4 0.43333333333333335 0.03046875 0.0375
0 0.81328125 0.5729166666666666 0.04609375 0.07916666666666666
0 0.865625 0.7354166666666667 0.04609375 0.084375
0 0.728125 0.8239583333333333 0.04296875 0.08125
0 0.65078125 0.871875 0.0375 0.09375
0 0.265625 0.78125 0.06796875 0.10625