1 0.35703125 0.6739583333333333 0.0859375 0.24166666666666667
1 0.509375 0.465625 0.14453125 0.15520833333333334
2 0.73359375 0.428125 0.05859375 0.10625
1 0.559375 0.084375 0.0734375 0.1625
1 0.50078125 0.0375 0.06796875 0.06875
1 0.178125 0.7208333333333333 0.065625 0.178125
1 0.246875 0.7416666666666667 0.0484375 0.175
1 0.2625 0.9604166666666667 0.15859375 0.07916666666666666
1 0.36796875 0.821875 0.19453125 0.29583333333333334
1 0.38203125 0.9072916666666667 0.11953125 0.13125
0 0.5234375 0.9625 0.09453125 0.07395833333333333
0 0.44140625 0.96875 0.09453125 0.06145833333333333
0 0.48125 0.8270833333333333 0.12109375 0.2375
0 0.603125 0.86875 0.11953125 0.2125
2 0.6953125 0.9395833333333333 0.140625 0.12083333333333333
1 0.603125 0.646875 0.1359375 0.36041666666666666
0 0.559375 0.6395833333333333 0.09296875 0.1875
1 0.3578125 0.51875 0.12890625 0.16770833333333332
1 0.46484375 0.5479166666666667 0.13203125 0.19791666666666666
0 0.43046875 0.5614583333333333 0.0640625 0.115625
1 0.396875 0.321875 0.1109375 0.21979166666666666
1 0.471875 0.20416666666666666 0.09609375 0.21458333333333332
0 0.70703125 0.565625 0.103125 0.19270833333333334
0 0.72890625 0.759375 0.146875 0.234375
0 0.615625 0.446875 0.1015625 0.15833333333333333
0 0.509375 0.378125 0.09296875 0.13854166666666667
1 0.63984375 0.3572916666666667 0.21796875 0.17083333333333334
2 0.6828125 0.26145833333333335 0.13203125 0.15833333333333333
1 0.796875 0.30104166666666665 0.23046875 0.19270833333333334
1 0.35625 0.253125 0.07109375 0.13541666666666666
1 0.328125 0.11354166666666667 0.0640625 0.12395833333333334
1 0.4453125 0.07291666666666667 0.0765625 0.140625
0 0.56015625 0.19479166666666667 0.065625 0.11354166666666667
1 0.6328125 0.128125 0.2875 0.19270833333333334
0 0.659375 0.052083333333333336 0.0625 0.09895833333333333
2 0.7515625 0.03854166666666667 0.1140625 0.071875