1 0.678125 0.7020833333333333 0.05703125 0.10104166666666667
0 0.334375 0.21770833333333334 0.0390625 0.06458333333333334
0 0.25625 0.27395833333333336 0.0515625 0.07395833333333333
0 0.52421875 0.31145833333333334 0.04609375 0.07916666666666666
0 0.565625 0.3 0.0484375 0.08125
0 0.51875 0.39791666666666664 0.05390625 0.09375
0 0.596875 0.4239583333333333 0.05 0.10625
0 0.56796875 0.5260416666666666 0.04453125 0.09375
3 0.61796875 0.49895833333333334 0.05546875 0.06875
0 0.56015625 0.6677083333333333 0.07890625 0.13541666666666666
0 0.525 0.753125 0.0890625 0.15833333333333333
0 0.459375 0.8322916666666667 0.090625 0.15833333333333333
0 0.4453125 0.9625 0.0984375 0.07395833333333333