0 0.18359375 0.5854166666666667 0.10546875 0.17291666666666666
0 0.153125 0.7375 0.10703125 0.2
0 0.24453125 0.6760416666666667 0.10546875 0.20729166666666668
0 0.09453125 0.89375 0.171875 0.2125
0 0.26484375 0.9 0.14296875 0.2
0 0.578125 0.5479166666666667 0.09296875 0.13854166666666667
2 0.4265625 0.89375 0.103125 0.2125
0 0.35703125 0.9541666666666667 0.1140625 0.09166666666666666
0 0.3 0.4979166666666667 0.121875 0.21979166666666666
0 0.378125 0.634375 0.1359375 0.246875
0 0.3953125 0.4375 0.10390625 0.1625
0 0.478125 0.5177083333333333 0.109375 0.21979166666666666
0 0.4890625 0.7458333333333333 0.1359375 0.23229166666666667
0 0.58671875 0.6958333333333333 0.12890625 0.24166666666666667
0 0.53828125 0.9010416666666666 0.12890625 0.19791666666666666
0 0.65859375 0.8895833333333333 0.1296875 0.22083333333333333
0 0.55234375 0.3729166666666667 0.10703125 0.221875
0 0.6265625 0.39895833333333336 0.128125 0.24895833333333334
0 0.5359375 0.22708333333333333 0.10859375 0.17291666666666666
0 0.640625 0.14166666666666666 0.11640625 0.18020833333333333
0 0.71875 0.328125 0.115625 0.19791666666666666
0 0.75625 0.14791666666666667 0.10390625 0.18229166666666666
0 0.7375 0.4822916666666667 0.13046875 0.18020833333333333
0 0.72421875 0.6854166666666667 0.1515625 0.21979166666666666
0 0.8125 0.8635416666666667 0.171875 0.27291666666666664
0 0.84453125 0.2760416666666667 0.153125 0.19791666666666666
0 0.7546875 0.034375 0.134375 0.06458333333333334
0 0.8921875 0.140625 0.109375 0.1625
0 0.896875 0.4625 0.1765625 0.259375
2 0.95078125 0.3489583333333333 0.0984375 0.18541666666666667
0 0.94375 0.04791666666666667 0.1015625 0.09166666666666666
0 0.97421875 0.18229166666666666 0.0515625 0.178125
0 0.9578125 0.6395833333333333 0.084375 0.26145833333333335
0 0.95078125 0.88125 0.0984375 0.2375