1 0.9671875 0.559375 0.065625 0.09166666666666666
0 0.3328125 0.56875 0.04296875 0.07604166666666666
0 0.2890625 0.44583333333333336 0.04140625 0.06666666666666667
0 0.29296875 0.38645833333333335 0.0390625 0.06145833333333333
0 0.3515625 0.22395833333333334 0.0359375 0.071875
0 0.4421875 0.042708333333333334 0.04609375 0.08125
0 0.534375 0.08645833333333333 0.0484375 0.07916666666666666
3 0.62265625 0.071875 0.05703125 0.08854166666666667
0 0.675 0.121875 0.046875 0.08645833333333333
0 0.884375 0.5552083333333333 0.078125 0.10833333333333334
0 0.5703125 0.6177083333333333 0.059375 0.12395833333333334
0 0.453125 0.9520833333333333 0.059375 0.09583333333333334
0 0.78515625 0.89375 0.0875 0.17291666666666666
3 0.60625 0.540625 0.0484375 0.07916666666666666
3 0.6421875 0.5239583333333333 0.04609375 0.07395833333333333
0 0.32421875 0.7989583333333333 0.065625 0.10104166666666667
0 0.25234375 0.9145833333333333 0.0765625 0.13125
0 0.775 0.38645833333333335 0.046875 0.07604166666666666
3 0.80859375 0.21770833333333334 0.05 0.11875