0 0.7296875 0.659375 0.04296875 0.06875
0 0.01875 0.6677083333333333 0.034375 0.115625
0 0.05234375 0.559375 0.05703125 0.071875
0 0.28359375 0.5427083333333333 0.04453125 0.06458333333333334
0 0.3515625 0.646875 0.05 0.06458333333333334
0 0.73671875 0.7989583333333333 0.059375 0.10104166666666667
0 0.51484375 0.6729166666666667 0.0515625 0.06145833333333333
0 0.4703125 0.6541666666666667 0.05390625 0.07395833333333333
0 0.578125 0.878125 0.06796875 0.12083333333333333
3 0.3390625 0.7208333333333333 0.053125 0.06875
3 0.178125 0.8177083333333334 0.053125 0.06875
3 0.14296875 0.7760416666666666 0.053125 0.057291666666666664
3 0.1890625 0.69375 0.071875 0.06875