0 0.69140625 0.26875 0.046875 0.07916666666666666
0 0.51953125 0.13958333333333334 0.046875 0.08645833333333333
0 0.971875 0.41354166666666664 0.05546875 0.115625
0 0.965625 0.8739583333333333 0.06796875 0.11875
0 0.70078125 0.640625 0.10703125 0.17083333333333334
0 0.40859375 0.5979166666666667 0.0859375 0.153125
0 0.11171875 0.6260416666666667 0.08203125 0.09166666666666666
0 0.01875 0.68125 0.034375 0.10833333333333334
3 0.56796875 0.5583333333333333 0.05859375 0.07395833333333333
3 0.615625 0.659375 0.07109375 0.09375
3 0.76484375 0.8604166666666667 0.109375 0.14583333333333334
3 0.54921875 0.7572916666666667 0.0875 0.08645833333333333