0 0.440625 0.11770833333333333 0.04609375 0.06666666666666667
0 0.02421875 0.3020833333333333 0.04609375 0.09166666666666666
0 0.01953125 0.528125 0.0359375 0.128125
1 0.05625 0.46041666666666664 0.10703125 0.16041666666666668
2 0.15625 0.5041666666666667 0.09296875 0.09895833333333333
2 0.109375 0.453125 0.0625 0.071875
2 0.115625 0.37604166666666666 0.0765625 0.09166666666666666
1 0.06953125 0.36875 0.06953125 0.11145833333333334
0 0.08671875 0.3072916666666667 0.0765625 0.13125
0 0.15859375 0.334375 0.071875 0.13125
0 0.21015625 0.33541666666666664 0.0515625 0.084375
1 0.271875 0.434375 0.109375 0.13854166666666667
0 0.28984375 0.34791666666666665 0.05703125 0.07916666666666666
1 0.3265625 0.6979166666666666 0.09140625 0.10104166666666667
0 0.32890625 0.5802083333333333 0.075 0.10416666666666667
0 0.3640625 0.49583333333333335 0.06640625 0.10416666666666667
0 0.40390625 0.5604166666666667 0.06640625 0.11354166666666667
0 0.403125 0.421875 0.04140625 0.084375
2 0.46796875 0.5864583333333333 0.04453125 0.08125
1 0.5 0.6489583333333333 0.05859375 0.19791666666666666
1 0.5140625 0.5395833333333333 0.13046875 0.06666666666666667
1 0.634375 0.621875 0.11796875 0.11354166666666667
0 0.41875 0.46145833333333336 0.04609375 0.08854166666666667
2 0.4078125 0.37395833333333334 0.0515625 0.071875
0 0.46015625 0.42916666666666664 0.059375 0.11354166666666667
2 0.453125 0.28541666666666665 0.04609375 0.071875
1 0.496875 0.4010416666666667 0.0390625 0.06145833333333333
2 0.478125 0.4510416666666667 0.0359375 0.08125
2 0.5171875 0.46458333333333335 0.059375 0.06458333333333334
0 0.51953125 0.27395833333333336 0.0359375 0.08854166666666667
0 0.56015625 0.38645833333333335 0.04296875 0.07604166666666666
0 0.5625 0.478125 0.05 0.08645833333333333
0 0.58515625 0.4322916666666667 0.05390625 0.10416666666666667
1 0.6203125 0.44166666666666665 0.04609375 0.128125
2 0.571875 0.28125 0.046875 0.04895833333333333
1 0.72265625 0.5385416666666667 0.0625 0.07395833333333333
2 0.690625 0.4510416666666667 0.05546875 0.06666666666666667
2 0.70703125 0.40625 0.04453125 0.06666666666666667
2 0.7328125 0.45729166666666665 0.04296875 0.08854166666666667
0 0.759375 0.3875 0.0609375 0.11875
1 0.80625 0.38125 0.06796875 0.115625
0 0.815625 0.3177083333333333 0.05703125 0.09166666666666666
0 0.8546875 0.428125 0.06796875 0.10625
0 0.89296875 0.3458333333333333 0.05546875 0.08854166666666667
1 0.865625 0.4947916666666667 0.09453125 0.09166666666666666
1 0.91875 0.7677083333333333 0.1234375 0.17291666666666666