0 0.02578125 0.7854166666666667 0.0484375 0.153125
0 0.18359375 0.33541666666666664 0.05859375 0.07395833333333333
0 0.1046875 0.365625 0.05703125 0.06458333333333334
0 0.46328125 0.375 0.0515625 0.07395833333333333
0 0.4734375 0.290625 0.046875 0.06666666666666667
0 0.534375 0.265625 0.04296875 0.057291666666666664
0 0.6328125 0.23333333333333334 0.03203125 0.052083333333333336
0 0.75546875 0.28020833333333334 0.05546875 0.09166666666666666
0 0.81484375 0.228125 0.05390625 0.09166666666666666
0 0.77421875 0.39895833333333336 0.0625 0.115625
0 0.8890625 0.4 0.075 0.128125
3 0.940625 0.50625 0.08203125 0.08854166666666667
0 0.86484375 0.5520833333333334 0.08203125 0.13541666666666666
0 0.903125 0.7802083333333333 0.10859375 0.18229166666666666
0 0.865625 0.9135416666666667 0.1234375 0.17291666666666666
0 0.775 0.9708333333333333 0.09375 0.058333333333333334