1 0.853125 0.15208333333333332 0.29296875 0.284375
0 0.690625 0.5510416666666667 0.2 0.35520833333333335
2 0.490625 0.8260416666666667 0.2 0.32395833333333335
2 0.571875 0.346875 0.1234375 0.26458333333333334
1 0.3328125 0.88125 0.14296875 0.2375
1 0.43984375 0.6083333333333333 0.2734375 0.259375
2 0.39609375 0.4625 0.103125 0.17083333333333334
1 0.409375 0.33958333333333335 0.23203125 0.18020833333333333
1 0.259375 0.3645833333333333 0.09140625 0.2
1 0.0921875 0.6041666666666666 0.165625 0.25416666666666665
2 0.171875 0.21875 0.1234375 0.2
2 0.13125 0.8729166666666667 0.1125 0.25416666666666665
2 0.271875 0.6239583333333333 0.10546875 0.21979166666666666