1 0.14140625 0.6145833333333334 0.05 0.2520833333333333
1 0.20546875 0.37604166666666666 0.06640625 0.165625
0 0.4875 0.26666666666666666 0.128125 0.13854166666666667
1 0.721875 0.9 0.134375 0.2
1 0.86484375 0.9416666666666667 0.090625 0.115625
3 0.471875 0.4125 0.11796875 0.178125
3 0.746875 0.5260416666666666 0.06796875 0.13333333333333333
3 0.615625 0.1875 0.07109375 0.084375
3 0.73671875 0.07604166666666666 0.08203125 0.06458333333333334
0 0.61953125 0.3260416666666667 0.09140625 0.14270833333333333
0 0.35859375 0.534375 0.0640625 0.12083333333333333
0 0.240625 0.8395833333333333 0.0875 0.19791666666666666