0 0.38515625 0.9416666666666667 0.0515625 0.11145833333333334
0 0.44453125 0.8520833333333333 0.075 0.153125
0 0.49453125 0.6239583333333333 0.0609375 0.09583333333333334
0 0.384375 0.525 0.040625 0.071875
0 0.69453125 0.4270833333333333 0.04140625 0.06458333333333334
0 0.9546875 0.5885416666666666 0.02890625 0.057291666666666664
0 0.72578125 0.33125 0.0375 0.04479166666666667
0 0.14296875 0.08541666666666667 0.046875 0.07604166666666666
0 0.025 0.68125 0.046875 0.09895833333333333
0 0.3140625 0.909375 0.05859375 0.08125
0 0.22421875 0.6729166666666667 0.05390625 0.09166666666666666