0 0.496875 0.165625 0.0625 0.11875
3 0.53515625 0.08854166666666667 0.040625 0.07916666666666666
3 0.57109375 0.065625 0.0390625 0.071875
3 0.68359375 0.8479166666666667 0.08359375 0.16041666666666668
3 0.9359375 0.25416666666666665 0.10859375 0.128125
3 0.615625 0.4625 0.0609375 0.12604166666666666
3 0.4078125 0.6125 0.0515625 0.08854166666666667
0 0.27734375 0.61875 0.084375 0.165625
0 0.17734375 0.3416666666666667 0.065625 0.11145833333333334
0 0.24609375 0.2520833333333333 0.0640625 0.084375
0 0.38046875 0.409375 0.06640625 0.13854166666666667
0 0.68046875 0.29583333333333334 0.075 0.14791666666666667
0 0.83125 0.6447916666666667 0.09609375 0.178125
0 0.78828125 0.041666666666666664 0.07109375 0.07916666666666666
0 0.59921875 0.590625 0.05703125 0.11875