0 0.790625 0.11458333333333333 0.0375 0.06666666666666667
0 0.684375 0.075 0.040625 0.071875
0 0.68046875 0.4552083333333333 0.04453125 0.07604166666666666
0 0.88671875 0.39895833333333336 0.0484375 0.071875
0 0.78203125 0.5458333333333333 0.05 0.07916666666666666
0 0.815625 0.7145833333333333 0.0609375 0.09166666666666666
0 0.71328125 0.721875 0.0375 0.071875
0 0.58515625 0.5708333333333333 0.034375 0.07395833333333333
0 0.515625 0.4708333333333333 0.04296875 0.057291666666666664
0 0.478125 0.509375 0.04296875 0.06145833333333333
0 0.52109375 0.6489583333333333 0.04453125 0.07916666666666666
0 0.146875 0.490625 0.08203125 0.09583333333333334
3 0.9765625 0.6072916666666667 0.046875 0.08854166666666667
3 0.74609375 0.8541666666666666 0.04453125 0.084375
3 0.609375 0.9572916666666667 0.065625 0.08541666666666667