1 0.109375 0.7083333333333334 0.2125 0.390625
2 0.03671875 0.3614583333333333 0.07109375 0.13541666666666666
2 0.03203125 0.21458333333333332 0.0609375 0.1625
1 0.115625 0.3854166666666667 0.153125 0.10833333333333334
1 0.12578125 0.46145833333333336 0.19296875 0.09375
1 0.24296875 0.2875 0.09140625 0.13541666666666666
2 0.1890625 0.20208333333333334 0.0890625 0.06875
1 0.15078125 0.16041666666666668 0.090625 0.08854166666666667
2 0.1609375 0.5208333333333334 0.178125 0.178125
2 0.303125 0.4083333333333333 0.128125 0.17083333333333334
0 0.40234375 0.51875 0.1234375 0.221875
0 0.475 0.36770833333333336 0.1390625 0.24166666666666667
1 0.36953125 0.6395833333333333 0.1640625 0.3802083333333333
2 0.309375 0.7270833333333333 0.0859375 0.22916666666666666
1 0.22734375 0.715625 0.10390625 0.340625
1 0.3296875 0.9166666666666666 0.284375 0.16666666666666666
1 0.52578125 0.78125 0.1265625 0.4375
1 0.79296875 0.9322916666666666 0.175 0.13541666666666666
0 0.33671875 0.17083333333333334 0.10703125 0.17291666666666666
2 0.3796875 0.11875 0.1015625 0.07916666666666666
1 0.6203125 0.48854166666666665 0.20390625 0.19270833333333334
2 0.6203125 0.5614583333333333 0.14296875 0.11145833333333334
2 0.59375 0.3416666666666667 0.11796875 0.10625
1 0.42265625 0.24270833333333333 0.1125 0.140625
2 0.47890625 0.278125 0.128125 0.07604166666666666
2 0.515625 0.20104166666666667 0.11640625 0.11145833333333334
2 0.4421875 0.12083333333333333 0.0625 0.07395833333333333
2 0.5078125 0.090625 0.115625 0.13125
0 0.603125 0.20104166666666667 0.10546875 0.18541666666666667
0 0.78671875 0.7145833333333333 0.18203125 0.29375
0 0.86875 0.5145833333333333 0.17890625 0.24895833333333334
2 0.9453125 0.590625 0.109375 0.20208333333333334
1 0.90625 0.4239583333333333 0.1875 0.14583333333333334
1 0.84375 0.359375 0.18203125 0.11145833333333334
1 0.79921875 0.29583333333333334 0.18203125 0.14791666666666667
0 0.68359375 0.18020833333333333 0.09140625 0.1875
0 0.765625 0.16770833333333332 0.109375 0.178125
3 0.871875 0.17291666666666666 0.159375 0.178125
0 0.625 0.025 0.071875 0.04479166666666667
2 0.69375 0.0375 0.1015625 0.06875
2 0.78125 0.06145833333333333 0.08203125 0.09895833333333333
1 0.83046875 0.05416666666666667 0.08046875 0.10416666666666667
0 0.88046875 0.03958333333333333 0.071875 0.07395833333333333
2 0.94296875 0.042708333333333334 0.1140625 0.08125
2 0.9453125 0.11145833333333334 0.109375 0.11875