0 0.07109375 0.06458333333333334 0.0640625 0.10416666666666667
0 0.3421875 0.478125 0.084375 0.13541666666666666
1 0.13125 0.50625 0.1125 0.09895833333333333
1 0.121875 0.253125 0.103125 0.08125
1 0.12734375 0.190625 0.0875 0.08854166666666667
1 0.33203125 0.28541666666666665 0.08046875 0.08125
1 0.53203125 0.775 0.1109375 0.17291666666666666
1 0.61484375 0.8572916666666667 0.0984375 0.18229166666666666
1 0.5484375 0.43854166666666666 0.06640625 0.06145833333333333
0 0.25703125 0.246875 0.053125 0.07395833333333333
0 0.334375 0.20520833333333333 0.05390625 0.09375
0 0.40234375 0.21979166666666666 0.04609375 0.08854166666666667
0 0.59375 0.61875 0.07109375 0.13125
0 0.5546875 0.4875 0.04296875 0.09166666666666666