3 0.553125 0.446875 0.04140625 0.06458333333333334
3 0.440625 0.3645833333333333 0.0640625 0.08125
3 0.15 0.28229166666666666 0.053125 0.041666666666666664
3 0.2109375 0.28854166666666664 0.05859375 0.05416666666666667
3 0.1609375 0.421875 0.08046875 0.06875
0 0.72734375 0.48541666666666666 0.034375 0.06145833333333333
0 0.621875 0.628125 0.05859375 0.11145833333333334
0 0.53046875 0.265625 0.03359375 0.057291666666666664
0 0.528125 0.36875 0.0484375 0.09583333333333334
0 0.3875 0.15416666666666667 0.05 0.06666666666666667
0 0.3125 0.428125 0.071875 0.09583333333333334
0 0.271875 0.5427083333333333 0.07890625 0.10833333333333334
0 0.10390625 0.9010416666666666 0.1359375 0.1875