0 0.4578125 0.7572916666666667 0.13203125 0.190625
2 0.53671875 0.871875 0.1375 0.24166666666666667
1 0.66484375 0.9239583333333333 0.0984375 0.15208333333333332
1 0.71953125 0.8770833333333333 0.1734375 0.24583333333333332
0 0.88828125 0.8427083333333333 0.215625 0.31354166666666666
2 0.72890625 0.6864583333333333 0.14453125 0.22708333333333333
2 0.8234375 0.66875 0.096875 0.221875
2 0.9515625 0.8666666666666667 0.096875 0.26666666666666666
2 0.959375 0.7083333333333334 0.07890625 0.15833333333333333
1 0.9796875 0.5958333333333333 0.040625 0.15520833333333334
2 0.921875 0.565625 0.1359375 0.128125
2 0.88984375 0.5052083333333334 0.10703125 0.15104166666666666
0 0.80625 0.490625 0.1375 0.175
0 0.87265625 0.38125 0.10703125 0.140625
0 0.8390625 0.325 0.103125 0.140625
0 0.93515625 0.365625 0.1015625 0.178125
0 0.9765625 0.36666666666666664 0.046875 0.25833333333333336
0 0.64296875 0.5427083333333333 0.1359375 0.2125
0 0.73359375 0.37916666666666665 0.10546875 0.2
1 0.63515625 0.38125 0.134375 0.13541666666666666
3 0.503125 0.540625 0.1375 0.15833333333333333
3 0.4703125 0.35104166666666664 0.109375 0.14791666666666667
3 0.278125 0.821875 0.18203125 0.315625
2 0.11640625 0.5708333333333333 0.10546875 0.14270833333333333