0 0.3078125 0.052083333333333336 0.065625 0.09895833333333333
1 0.68046875 0.915625 0.09453125 0.13854166666666667
0 0.865625 0.8114583333333333 0.0765625 0.12083333333333333
3 0.07109375 0.659375 0.10546875 0.15833333333333333
3 0.396875 0.35520833333333335 0.090625 0.153125
3 0.74609375 0.7375 0.078125 0.13125
3 0.63125 0.7520833333333333 0.09296875 0.14583333333333334
3 0.678125 0.6927083333333334 0.090625 0.140625
3 0.53671875 0.690625 0.084375 0.09166666666666666
3 0.45859375 0.6375 0.08046875 0.128125
3 0.46953125 0.5489583333333333 0.05546875 0.07604166666666666
3 0.496875 0.8114583333333333 0.07109375 0.13125
3 0.125 0.790625 0.09140625 0.084375
3 0.3 0.6041666666666666 0.0859375 0.13541666666666666
3 0.29609375 0.39895833333333336 0.125 0.19479166666666667