0 0.2703125 0.8135416666666667 0.11796875 0.175
0 0.790625 0.9458333333333333 0.09609375 0.10833333333333334
0 0.4484375 0.9708333333333333 0.096875 0.058333333333333334
0 0.33125 0.33125 0.065625 0.11875
0 0.4546875 0.17916666666666667 0.0625 0.10625
0 0.17578125 0.30520833333333336 0.0734375 0.11145833333333334
0 0.19765625 0.16770833333333332 0.0515625 0.07916666666666666
1 0.51796875 0.675 0.0890625 0.10104166666666667
3 0.33671875 0.7791666666666667 0.0734375 0.12083333333333333
3 0.5140625 0.3885416666666667 0.0890625 0.140625
1 0.3921875 0.309375 0.040625 0.16041666666666668
0 0.246875 0.109375 0.04140625 0.08125
0 0.1 0.115625 0.078125 0.09895833333333333