1 0.62890625 0.4583333333333333 0.21640625 0.40208333333333335
0 0.04453125 0.375 0.0859375 0.20729166666666668
1 0.065625 0.509375 0.10390625 0.29375
1 0.1 0.6916666666666667 0.19453125 0.33541666666666664
0 0.09765625 0.825 0.16796875 0.271875
1 0.2640625 0.859375 0.253125 0.28125
2 0.22890625 0.678125 0.1 0.12604166666666666
1 0.3828125 0.7427083333333333 0.20703125 0.2375
1 0.31796875 0.5395833333333333 0.2859375 0.27395833333333336
1 0.43359375 0.6489583333333333 0.11953125 0.18229166666666666
0 0.17109375 0.415625 0.125 0.209375
1 0.17890625 0.28125 0.20859375 0.19791666666666666
0 0.0921875 0.19270833333333334 0.109375 0.16770833333333332
0 0.18125 0.17291666666666666 0.1265625 0.2125
0 0.2875 0.41875 0.1109375 0.15520833333333334
0 0.27265625 0.21354166666666666 0.10703125 0.175
0 0.4359375 0.29270833333333335 0.15546875 0.30833333333333335
2 0.315625 0.13958333333333334 0.11796875 0.09166666666666666
1 0.4140625 0.9125 0.28046875 0.175
1 0.58046875 0.7770833333333333 0.1234375 0.44583333333333336
1 0.703125 0.89375 0.13203125 0.2125
2 0.51171875 0.61875 0.09296875 0.26458333333333334
0 0.578125 0.446875 0.16640625 0.20208333333333334
0 0.49921875 0.109375 0.12890625 0.21458333333333332
0 0.6453125 0.20104166666666667 0.13203125 0.225
2 0.59296875 0.16041666666666668 0.0859375 0.178125
2 0.615625 0.052083333333333336 0.109375 0.09895833333333333
2 0.70390625 0.09479166666666666 0.096875 0.15520833333333334
0 0.79921875 0.29270833333333335 0.12109375 0.165625
2 0.765625 0.07395833333333333 0.10703125 0.14270833333333333
1 0.80390625 0.07291666666666667 0.14140625 0.140625
1 0.8578125 0.171875 0.165625 0.140625
1 0.8796875 0.35104166666666664 0.115625 0.31145833333333334
1 0.9125 0.459375 0.175 0.31145833333333334
1 0.9546875 0.6427083333333333 0.090625 0.284375
1 0.90390625 0.821875 0.19140625 0.24166666666666667
1 0.9578125 0.19895833333333332 0.084375 0.38125