0 0.10703125 0.2760416666666667 0.05859375 0.09895833333333333
0 0.1796875 0.3260416666666667 0.059375 0.11354166666666667
0 0.21953125 0.346875 0.05546875 0.08645833333333333
2 0.153125 0.278125 0.0390625 0.06145833333333333
2 0.196875 0.25104166666666666 0.053125 0.057291666666666664
2 0.24140625 0.20625 0.0640625 0.09583333333333334
2 0.2671875 0.253125 0.05390625 0.07604166666666666
0 0.084375 0.575 0.053125 0.09895833333333333
2 0.134375 0.5645833333333333 0.05859375 0.10625
1 0.178125 0.6447916666666667 0.10390625 0.12395833333333334
1 0.196875 0.7135416666666666 0.096875 0.128125
0 0.371875 0.39166666666666666 0.04140625 0.06666666666666667
0 0.34453125 0.6520833333333333 0.078125 0.13854166666666667
1 0.35703125 0.35520833333333335 0.078125 0.04895833333333333
0 0.36328125 0.23854166666666668 0.0484375 0.052083333333333336
2 0.3578125 0.2875 0.065625 0.06666666666666667
2 0.35703125 0.5125 0.04453125 0.115625
2 0.38125 0.575 0.034375 0.09375
1 0.409375 0.6541666666666667 0.046875 0.32083333333333336
2 0.50234375 0.7239583333333334 0.10703125 0.1625
2 0.47421875 0.5927083333333333 0.07890625 0.09375
2 0.4953125 0.5135416666666667 0.07109375 0.08854166666666667
0 0.56640625 0.565625 0.078125 0.13854166666666667
0 0.52265625 0.45208333333333334 0.059375 0.09895833333333333
2 0.4953125 0.39895833333333336 0.059375 0.057291666666666664
0 0.496875 0.34479166666666666 0.05390625 0.071875
3 0.4390625 0.22916666666666666 0.06953125 0.07916666666666666
3 0.52890625 0.14583333333333334 0.0609375 0.084375
0 0.465625 0.26875 0.053125 0.06875
0 0.5359375 0.29375 0.05859375 0.10833333333333334
0 0.54609375 0.38125 0.053125 0.08645833333333333
0 0.590625 0.35104166666666664 0.0640625 0.09375
0 0.58359375 0.43854166666666666 0.046875 0.08125
0 0.62578125 0.44583333333333336 0.065625 0.08645833333333333
1 0.6421875 0.4947916666666667 0.06796875 0.09166666666666666
2 0.321875 0.035416666666666666 0.046875 0.06666666666666667
2 0.371875 0.05416666666666667 0.059375 0.059375
1 0.6453125 0.6385416666666667 0.0765625 0.175
1 0.671875 0.678125 0.09453125 0.140625
1 0.671875 0.7604166666666666 0.06953125 0.07395833333333333
1 0.728125 0.4583333333333333 0.115625 0.17083333333333334
2 0.74765625 0.7083333333333334 0.10390625 0.16770833333333332
2 0.7640625 0.8354166666666667 0.1140625 0.165625
2 0.821875 0.7041666666666667 0.0859375 0.13854166666666667
2 0.8984375 0.6979166666666666 0.103125 0.175
0 0.74765625 0.9322916666666666 0.0984375 0.13541666666666666
0 0.8390625 0.8864583333333333 0.103125 0.19791666666666666
0 0.9421875 0.9166666666666666 0.115625 0.16666666666666666
2 0.97421875 0.8552083333333333 0.0515625 0.165625
2 0.8859375 0.3375 0.08359375 0.13125