0 0.9703125 0.2947916666666667 0.059375 0.14791666666666667
2 0.96640625 0.16770833333333332 0.06640625 0.10833333333333334
0 0.83984375 0.046875 0.0625 0.08854166666666667
2 0.9765625 0.06770833333333333 0.046875 0.08645833333333333
2 0.9203125 0.11875 0.084375 0.09375
1 0.85078125 0.1375 0.1234375 0.16041666666666668
0 0.746875 0.03125 0.0515625 0.057291666666666664
0 0.67734375 0.021875 0.0515625 0.03958333333333333
0 0.5859375 0.025 0.053125 0.04479166666666667
2 0.74453125 0.20833333333333334 0.0890625 0.09166666666666666
2 0.671875 0.146875 0.05859375 0.06666666666666667
1 0.62734375 0.15208333333333332 0.140625 0.18020833333333333
0 0.59296875 0.20208333333333334 0.08359375 0.13333333333333333
2 0.53828125 0.12604166666666666 0.059375 0.09895833333333333
2 0.51875 0.20208333333333334 0.0734375 0.059375
2 0.46328125 0.165625 0.07890625 0.07395833333333333
0 0.496875 0.06875 0.075 0.11354166666666667
1 0.37734375 0.26458333333333334 0.134375 0.1625
1 0.39375 0.34479166666666666 0.17890625 0.2791666666666667
0 0.315625 0.10104166666666667 0.08203125 0.11875
0 0.23828125 0.06666666666666667 0.084375 0.10833333333333334
1 0.284375 0.159375 0.1125 0.09166666666666666
1 0.26875 0.2 0.09296875 0.07916666666666666
2 0.29296875 0.275 0.08359375 0.09166666666666666
1 0.2265625 0.24583333333333332 0.075 0.21458333333333332
2 0.178125 0.28854166666666664 0.08359375 0.08854166666666667
0 0.15859375 0.225 0.078125 0.10416666666666667
0 0.07265625 0.25416666666666665 0.09609375 0.128125
1 0.09375 0.13541666666666666 0.05390625 0.11875
0 0.10234375 0.04895833333333333 0.08203125 0.07916666666666666
1 0.1890625 0.4947916666666667 0.178125 0.175