1 0.6109375 0.6625 0.05546875 0.08645833333333333
0 0.14375 0.5239583333333333 0.0625 0.09375
0 0.35234375 0.4625 0.05703125 0.09166666666666666
0 0.646875 0.25729166666666664 0.034375 0.05416666666666667
0 0.640625 0.3177083333333333 0.0359375 0.06666666666666667
0 0.51796875 0.4083333333333333 0.046875 0.052083333333333336
0 0.54765625 0.4666666666666667 0.04296875 0.06458333333333334
0 0.73984375 0.7979166666666667 0.08203125 0.153125
0 0.21328125 0.7625 0.08203125 0.13854166666666667
1 0.31015625 0.753125 0.065625 0.10416666666666667
1 0.4578125 0.9072916666666667 0.090625 0.07604166666666666