3 0.61328125 0.36770833333333336 0.0484375 0.05416666666666667
3 0.2796875 0.7197916666666667 0.04609375 0.052083333333333336
0 0.10859375 0.915625 0.11953125 0.14791666666666667
3 0.2 0.925 0.0890625 0.10625
0 0.4546875 0.7291666666666666 0.0765625 0.13125
0 0.46953125 0.9052083333333333 0.0890625 0.175
0 0.18359375 0.5177083333333333 0.06953125 0.06145833333333333
0 0.03828125 0.540625 0.0734375 0.084375
0 0.47578125 0.40520833333333334 0.0734375 0.10416666666666667
0 0.715625 0.37395833333333334 0.084375 0.11145833333333334
0 0.9703125 0.15208333333333332 0.059375 0.14583333333333334
3 0.778125 0.5135416666666667 0.090625 0.07916666666666666
0 0.396875 0.828125 0.06953125 0.13125
0 0.25390625 0.490625 0.046875 0.06666666666666667
3 0.6 0.4625 0.078125 0.071875
3 0.6140625 0.6552083333333333 0.05859375 0.10625