2 0.6765625 0.9239583333333333 0.046875 0.07916666666666666
0 0.540625 0.9072916666666667 0.0484375 0.10104166666666667
0 0.89921875 0.95625 0.0921875 0.0875
0 0.6734375 0.46145833333333336 0.05859375 0.07916666666666666
0 0.61796875 0.3541666666666667 0.0390625 0.071875
0 0.575 0.3385416666666667 0.0390625 0.07395833333333333
0 0.4640625 0.7354166666666667 0.04140625 0.06458333333333334
0 0.3828125 0.728125 0.04296875 0.07395833333333333
0 0.38671875 0.6177083333333333 0.0484375 0.084375
0 0.29921875 0.590625 0.04609375 0.07395833333333333
0 0.1609375 0.878125 0.04453125 0.071875
3 0.371875 0.925 0.053125 0.11145833333333334
3 0.53125 0.671875 0.1015625 0.16770833333333332