0 0.3328125 0.8395833333333333 0.28203125 0.32083333333333336
0 0.04921875 0.19479166666666667 0.09609375 0.20208333333333334
2 0.09453125 0.265625 0.14140625 0.15520833333333334
1 0.0828125 0.43854166666666666 0.1625 0.2989583333333333
1 0.05703125 0.621875 0.1109375 0.12395833333333334
1 0.0703125 0.753125 0.1375 0.16770833333333332
1 0.153125 0.12916666666666668 0.1234375 0.20520833333333333
1 0.2375 0.37604166666666666 0.10546875 0.40729166666666666
0 0.3296875 0.06666666666666667 0.1375 0.128125
3 0.34765625 0.24166666666666667 0.1984375 0.24166666666666667
2 0.359375 0.4270833333333333 0.17890625 0.19791666666666666
2 0.3546875 0.6354166666666666 0.184375 0.2791666666666667
0 0.5578125 0.26458333333333334 0.1765625 0.246875
1 0.5328125 0.16458333333333333 0.20390625 0.15520833333333334
2 0.39921875 0.07083333333333333 0.10390625 0.12604166666666666
2 0.475 0.065625 0.096875 0.09166666666666666
2 0.46953125 0.1 0.103125 0.071875
2 0.615625 0.06770833333333333 0.1375 0.13125
0 0.678125 0.03229166666666667 0.05 0.059375
2 0.58046875 0.38645833333333335 0.1109375 0.10625
2 0.496875 0.5427083333333333 0.14609375 0.28125
2 0.57265625 0.7916666666666666 0.22109375 0.353125
1 0.64921875 0.9552083333333333 0.1984375 0.08854166666666667
2 0.61796875 0.5333333333333333 0.125 0.23229166666666667
2 0.709375 0.6760416666666667 0.165625 0.3802083333333333
2 0.74453125 0.3385416666666667 0.1859375 0.26145833333333335
1 0.821875 0.7260416666666667 0.2984375 0.4
2 0.8125 0.5010416666666667 0.10859375 0.10416666666666667
2 0.87734375 0.8635416666666667 0.1984375 0.27291666666666664
0 0.9515625 0.7333333333333333 0.096875 0.42916666666666664
2 0.91484375 0.5052083333333334 0.1703125 0.19375
0 0.9171875 0.365625 0.165625 0.246875
0 0.88046875 0.12708333333333333 0.178125 0.21979166666666666
3 0.79453125 0.05416666666666667 0.14140625 0.10416666666666667