3 0.06796875 0.81875 0.0609375 0.07604166666666666
3 0.86875 0.7125 0.065625 0.11145833333333334
3 0.8046875 0.7197916666666667 0.065625 0.10625
3 0.590625 0.8645833333333334 0.05546875 0.07916666666666666
0 0.215625 0.7239583333333334 0.0390625 0.059375
0 0.1484375 0.7145833333333333 0.05859375 0.046875
0 0.03203125 0.690625 0.0609375 0.08125
0 0.565625 0.7583333333333333 0.0640625 0.07916666666666666
0 0.396875 0.7208333333333333 0.0609375 0.084375
0 0.34375 0.95625 0.046875 0.0875
0 0.075 0.9427083333333334 0.09140625 0.10833333333333334
0 0.87109375 0.26875 0.053125 0.09895833333333333
0 0.90625 0.40625 0.0875 0.16041666666666668
0 0.7140625 0.8052083333333333 0.078125 0.14791666666666667