0 0.621875 0.6645833333333333 0.04609375 0.084375
0 0.0421875 0.6197916666666666 0.08203125 0.14791666666666667
0 0.3265625 0.7260416666666667 0.05 0.09375
0 0.709375 0.9291666666666667 0.0765625 0.140625
0 0.96171875 0.9052083333333333 0.0765625 0.15520833333333334
0 0.9765625 0.7510416666666667 0.046875 0.128125
0 0.98046875 0.384375 0.0390625 0.09166666666666666
0 0.6546875 0.3177083333333333 0.0515625 0.09166666666666666
0 0.60703125 0.4583333333333333 0.05 0.09166666666666666
0 0.7640625 0.42916666666666664 0.04453125 0.06875
0 0.4375 0.6854166666666667 0.05 0.071875