1 0.203125 0.4083333333333333 0.11796875 0.12083333333333333
3 0.22421875 0.8822916666666667 0.0984375 0.165625
3 0.50859375 0.859375 0.0859375 0.14791666666666667
3 0.34375 0.8052083333333333 0.07890625 0.08854166666666667
0 0.34375 0.915625 0.115625 0.16770833333333332
0 0.66328125 0.9614583333333333 0.115625 0.07604166666666666
0 0.9375 0.534375 0.09140625 0.13541666666666666
0 0.9609375 0.3020833333333333 0.078125 0.10104166666666667
0 0.52578125 0.21770833333333334 0.0625 0.09895833333333333
0 0.50546875 0.6520833333333333 0.06640625 0.153125
0 0.4578125 0.5020833333333333 0.07890625 0.140625