2 0.053125 0.321875 0.10390625 0.140625
2 0.103125 0.9333333333333333 0.18046875 0.13333333333333333
2 0.12421875 0.7625 0.1984375 0.28125
3 0.6703125 0.8322916666666667 0.2625 0.33541666666666664
2 0.24140625 0.7354166666666667 0.11953125 0.24166666666666667
0 0.2171875 0.946875 0.14296875 0.10625
0 0.3265625 0.934375 0.146875 0.13125
0 0.496875 0.8760416666666667 0.1890625 0.246875
2 0.46171875 0.7989583333333333 0.14296875 0.234375
2 0.47421875 0.6541666666666667 0.11796875 0.17291666666666666
1 0.32578125 0.7645833333333333 0.190625 0.30416666666666664
1 0.35234375 0.809375 0.1515625 0.2375
3 0.234375 0.5 0.15546875 0.234375
0 0.38984375 0.42083333333333334 0.0984375 0.15520833333333334
3 0.4296875 0.2604166666666667 0.12109375 0.12604166666666666
3 0.40078125 0.11458333333333333 0.1015625 0.12604166666666666
2 0.465625 0.4864583333333333 0.121875 0.17291666666666666
2 0.5875 0.640625 0.14140625 0.259375
1 0.62890625 0.5489583333333333 0.1859375 0.21458333333333332
1 0.63828125 0.5083333333333333 0.09296875 0.21770833333333334
0 0.74140625 0.4197916666666667 0.146875 0.26145833333333335
1 0.9734375 0.91875 0.053125 0.1625
2 0.84140625 0.7208333333333333 0.203125 0.271875
2 0.93828125 0.6760416666666667 0.1234375 0.2520833333333333
2 0.871875 0.4947916666666667 0.1484375 0.21458333333333332
2 0.965625 0.4625 0.06796875 0.13125
1 0.55078125 0.1375 0.10390625 0.08645833333333333
0 0.553125 0.234375 0.10859375 0.15833333333333333
2 0.83046875 0.325 0.09453125 0.09166666666666666
2 0.628125 0.31875 0.11640625 0.153125
2 0.70625 0.28854166666666664 0.0765625 0.10833333333333334
2 0.78046875 0.22916666666666666 0.0890625 0.09375
2 0.765625 0.18541666666666667 0.07890625 0.09375
0 0.63515625 0.09166666666666666 0.09609375 0.178125
0 0.69609375 0.16666666666666666 0.09453125 0.12604166666666666
0 0.73671875 0.06875 0.0984375 0.13333333333333333
0 0.81015625 0.078125 0.07890625 0.14583333333333334
0 0.8890625 0.0375 0.0890625 0.06875
1 0.9203125 0.3385416666666667 0.159375 0.12395833333333334
1 0.871875 0.19583333333333333 0.1234375 0.209375
0 0.98125 0.11770833333333333 0.0375 0.190625
2 0.9296875 0.22083333333333333 0.065625 0.09166666666666666
1 0.959375 0.03333333333333333 0.07109375 0.06145833333333333