1 0.8421875 0.8479166666666667 0.2484375 0.30416666666666664
1 0.71328125 0.7447916666666666 0.1515625 0.24895833333333334
1 0.721875 0.5583333333333333 0.178125 0.23229166666666667
1 0.04609375 0.6947916666666667 0.0890625 0.18020833333333333
1 0.128125 0.5791666666666667 0.1 0.14583333333333334
2 0.134375 0.6458333333333334 0.07890625 0.18541666666666667
0 0.02890625 0.8739583333333333 0.05546875 0.1625
1 0.07734375 0.8260416666666667 0.07109375 0.259375
1 0.1015625 0.9333333333333333 0.2 0.13333333333333333
0 0.1375 0.859375 0.078125 0.12395833333333334
0 0.23515625 0.76875 0.0875 0.225
1 0.23359375 0.946875 0.096875 0.10625
1 0.321875 0.9479166666666666 0.09453125 0.10416666666666667
1 0.17578125 0.7375 0.1015625 0.15104166666666666
1 0.18359375 0.6260416666666667 0.05859375 0.190625
1 0.3171875 0.8510416666666667 0.1484375 0.13541666666666666
1 0.2890625 0.709375 0.053125 0.21458333333333332
1 0.4484375 0.7125 0.1390625 0.35833333333333334
1 0.53359375 0.66875 0.1640625 0.28125
0 0.365625 0.7135416666666666 0.090625 0.178125
2 0.41484375 0.6145833333333334 0.0734375 0.10416666666666667
1 0.334375 0.6395833333333333 0.07890625 0.2125
1 0.4328125 0.5260416666666666 0.17109375 0.1625
0 0.23203125 0.571875 0.09140625 0.14583333333333334
0 0.3234375 0.5458333333333333 0.096875 0.14270833333333333
1 0.25546875 0.475 0.0890625 0.10625
0 0.2734375 0.409375 0.1109375 0.128125
1 0.33984375 0.44479166666666664 0.090625 0.11875
2 0.16875 0.19895833333333332 0.0625 0.08645833333333333
1 0.171875 0.36770833333333336 0.078125 0.17291666666666666
1 0.2671875 0.228125 0.09296875 0.15520833333333334
1 0.31484375 0.19166666666666668 0.10390625 0.16041666666666668
2 0.36640625 0.06458333333333334 0.071875 0.06458333333333334
1 0.30703125 0.09583333333333334 0.078125 0.07916666666666666
0 0.35234375 0.3729166666666667 0.0765625 0.14270833333333333
0 0.40625 0.42604166666666665 0.1015625 0.13541666666666666
0 0.4421875 0.3125 0.14609375 0.14583333333333334
1 0.515625 0.4395833333333333 0.109375 0.15833333333333333
2 0.56171875 0.4510416666666667 0.084375 0.15104166666666666
1 0.628125 0.3802083333333333 0.084375 0.19270833333333334
0 0.46875 0.20729166666666668 0.09296875 0.13854166666666667
2 0.5296875 0.18020833333333333 0.0765625 0.1625
2 0.50546875 0.10520833333333333 0.075 0.07604166666666666
0 0.57578125 0.3177083333333333 0.1125 0.165625
1 0.90234375 0.4427083333333333 0.1953125 0.13125
1 0.84296875 0.309375 0.1859375 0.14583333333333334
1 0.61953125 0.2791666666666667 0.196875 0.128125
0 0.59296875 0.16666666666666666 0.09140625 0.14583333333333334
0 0.67734375 0.14270833333333333 0.0765625 0.13333333333333333
1 0.565625 0.10104166666666667 0.0765625 0.084375
1 0.78359375 0.13333333333333333 0.178125 0.23229166666666667
1 0.7796875 0.17083333333333334 0.1265625 0.1875
1 0.725 0.0875 0.046875 0.071875
1 0.75234375 0.041666666666666664 0.05390625 0.07916666666666666
1 0.6890625 0.04895833333333333 0.08359375 0.09375
1 0.478125 0.0375 0.121875 0.06875
1 0.54609375 0.04479166666666667 0.06640625 0.084375
1 0.615625 0.04583333333333333 0.128125 0.08645833333333333