3 0.11328125 0.940625 0.10390625 0.11875
0 0.59609375 0.10104166666666667 0.05859375 0.12395833333333334
0 0.6125 0.21354166666666666 0.0640625 0.12604166666666666
0 0.76015625 0.36770833333333336 0.0765625 0.14791666666666667
0 0.759375 0.10520833333333333 0.096875 0.17083333333333334
0 0.159375 0.7260416666666667 0.1015625 0.16770833333333332
3 0.97734375 0.859375 0.0453125 0.10208333333333333
3 0.86796875 0.09375 0.05859375 0.09375
3 0.0421875 0.5927083333333333 0.08203125 0.17291666666666666
3 0.346875 0.33541666666666664 0.05546875 0.09895833333333333
3 0.5390625 0.37083333333333335 0.05 0.10833333333333334
3 0.415625 0.6927083333333334 0.0609375 0.115625
3 0.48125 0.946875 0.07109375 0.10625