0 0.29453125 0.24791666666666667 0.1 0.20520833333333333
0 0.30078125 0.4354166666666667 0.1265625 0.20520833333333333
0 0.35703125 0.546875 0.1359375 0.22916666666666666
1 0.184375 0.184375 0.14609375 0.115625
1 0.1 0.353125 0.18359375 0.1875
2 0.04609375 0.6729166666666667 0.0890625 0.12083333333333333
1 0.26171875 0.8354166666666667 0.184375 0.17083333333333334
2 0.2546875 0.6791666666666667 0.12890625 0.22708333333333333
0 0.1390625 0.759375 0.125 0.2791666666666667
1 0.04609375 0.903125 0.0890625 0.19375
0 0.41484375 0.9052083333333333 0.14609375 0.18541666666666667
0 0.546875 0.9614583333333333 0.16640625 0.07604166666666666
1 0.43046875 0.26875 0.08359375 0.12395833333333334
2 0.4390625 0.17083333333333334 0.071875 0.084375
0 0.48046875 0.115625 0.1 0.178125
0 0.54453125 0.04895833333333333 0.1 0.09375
2 0.51171875 0.27395833333333336 0.090625 0.19270833333333334
2 0.39140625 0.03854166666666667 0.09453125 0.071875
2 0.60703125 0.028125 0.0609375 0.052083333333333336
2 0.5921875 0.375 0.1234375 0.19270833333333334
2 0.66875 0.24166666666666667 0.12109375 0.153125
2 0.6875 0.10625 0.11953125 0.14270833333333333
2 0.6921875 0.03333333333333333 0.11796875 0.06145833333333333
1 0.9796875 0.09583333333333334 0.040625 0.1875
2 0.878125 0.03958333333333333 0.14296875 0.07395833333333333