3 0.19296875 0.8864583333333333 0.0859375 0.10833333333333334
0 0.32421875 0.33125 0.07109375 0.09375
0 0.475 0.5145833333333333 0.06953125 0.12083333333333333
0 0.47890625 0.6864583333333333 0.06953125 0.13333333333333333
0 0.546875 0.6427083333333333 0.0640625 0.11145833333333334
0 0.69296875 0.7645833333333333 0.09140625 0.165625
0 0.453125 0.8822916666666667 0.1015625 0.15520833333333334
0 0.36015625 0.95 0.0984375 0.1
0 0.35 0.8354166666666667 0.0859375 0.140625
0 0.25703125 0.8020833333333334 0.0890625 0.1625
0 0.14140625 0.7322916666666667 0.10546875 0.165625