0 0.70859375 0.8416666666666667 0.071875 0.13854166666666667
0 0.56015625 0.94375 0.0921875 0.1125
0 0.96796875 0.309375 0.0640625 0.057291666666666664
3 0.48984375 0.7927083333333333 0.10390625 0.12395833333333334
0 0.76796875 0.11770833333333333 0.08359375 0.225
0 0.35546875 0.20104166666666667 0.0609375 0.14583333333333334
0 0.1453125 0.1875 0.0765625 0.11875
0 0.09375 0.3333333333333333 0.08203125 0.11875
3 0.0546875 0.56875 0.10703125 0.15104166666666666
1 0.08984375 0.809375 0.1015625 0.2760416666666667
1 0.13671875 0.390625 0.10703125 0.13854166666666667