1 0.6296875 0.31145833333333334 0.05390625 0.10833333333333334
1 0.621875 0.15520833333333334 0.05859375 0.05416666666666667
1 0.70546875 0.24166666666666667 0.03359375 0.11875
2 0.478125 0.2375 0.059375 0.09895833333333333
1 0.384375 0.8739583333333333 0.09296875 0.08854166666666667
2 0.4078125 0.9708333333333333 0.05 0.058333333333333334
2 0.4671875 0.9666666666666667 0.0375 0.06666666666666667
2 0.56328125 0.9791666666666666 0.0375 0.041666666666666664
1 0.51875 0.9333333333333333 0.0484375 0.12395833333333334
2 0.48203125 0.8677083333333333 0.046875 0.09166666666666666
2 0.5859375 0.9010416666666666 0.0609375 0.10833333333333334
0 0.59921875 0.9708333333333333 0.0453125 0.058333333333333334
0 0.696875 0.95 0.0625 0.1
3 0.72578125 0.8947916666666667 0.0734375 0.13541666666666666
2 0.65234375 0.771875 0.05703125 0.11145833333333334
2 0.50859375 0.8125 0.046875 0.07395833333333333
0 0.44609375 0.8083333333333333 0.046875 0.09583333333333334
0 0.55859375 0.79375 0.05 0.08645833333333333
0 0.69609375 0.7645833333333333 0.05 0.09583333333333334
3 0.70859375 0.6885416666666667 0.0859375 0.10416666666666667
2 0.62734375 0.6677083333333333 0.0484375 0.08125
2 0.59296875 0.7020833333333333 0.046875 0.071875
2 0.478125 0.7625 0.04453125 0.08854166666666667
2 0.50703125 0.7197916666666667 0.046875 0.10104166666666667
3 0.546875 0.6708333333333333 0.0609375 0.13541666666666666
1 0.4234375 0.59375 0.05546875 0.14583333333333334
1 0.4828125 0.6125 0.07109375 0.09375
2 0.50703125 0.5395833333333333 0.05 0.06666666666666667
0 0.50625 0.4875 0.040625 0.057291666666666664
0 0.56015625 0.371875 0.040625 0.071875
0 0.609375 0.578125 0.05 0.07395833333333333
0 0.62109375 0.515625 0.05 0.07395833333333333
2 0.7671875 0.5291666666666667 0.05703125 0.09166666666666666
2 0.696875 0.6125 0.04609375 0.059375
2 0.709375 0.5645833333333333 0.05703125 0.10625
2 0.690625 0.5145833333333333 0.059375 0.09583333333333334
1 0.6328125 0.421875 0.0484375 0.10416666666666667
0 0.6671875 0.390625 0.05390625 0.07916666666666666
0 0.7546875 0.42916666666666664 0.034375 0.06458333333333334
2 0.715625 0.359375 0.040625 0.06666666666666667
2 0.740625 0.12395833333333334 0.0375 0.07916666666666666
2 0.81875 0.24791666666666667 0.05703125 0.06666666666666667
2 0.80625 0.4083333333333333 0.04609375 0.08645833333333333
2 0.78046875 0.32916666666666666 0.05 0.08125
2 0.875 0.346875 0.0609375 0.09583333333333334
2 0.7484375 0.23229166666666667 0.05 0.07916666666666666
2 0.03828125 0.22604166666666667 0.05703125 0.06666666666666667
2 0.95390625 0.5854166666666667 0.0609375 0.10416666666666667
2 0.92109375 0.728125 0.071875 0.12395833333333334