0 0.91953125 0.9625 0.1109375 0.07395833333333333
0 0.915625 0.421875 0.06953125 0.11875
0 0.6703125 0.45729166666666665 0.05703125 0.084375
0 0.58359375 0.7791666666666667 0.05546875 0.09166666666666666
3 0.90078125 0.8427083333333333 0.07890625 0.11145833333333334
3 0.6484375 0.6677083333333333 0.046875 0.06666666666666667
3 0.809375 0.43854166666666666 0.0640625 0.09583333333333334
3 0.77890625 0.5145833333333333 0.0609375 0.10104166666666667
3 0.72890625 0.28020833333333334 0.05859375 0.09583333333333334
3 0.15234375 0.7239583333333334 0.0625 0.07916666666666666
0 0.29140625 0.83125 0.05859375 0.08125
0 0.2390625 0.7020833333333333 0.053125 0.09166666666666666
0 0.0765625 0.7541666666666667 0.0640625 0.11145833333333334