0 0.18125 0.5541666666666667 0.040625 0.071875
0 0.428125 0.43333333333333335 0.0375 0.057291666666666664
3 0.46875 0.584375 0.0375 0.057291666666666664
0 0.55 0.6270833333333333 0.0359375 0.059375
0 0.46484375 0.6572916666666667 0.034375 0.06458333333333334
0 0.496875 0.7552083333333334 0.04296875 0.06875
3 0.621875 0.8927083333333333 0.040625 0.08125
3 0.640625 0.840625 0.0375 0.071875
3 0.64140625 0.9489583333333333 0.0390625 0.09166666666666666
3 0.528125 0.7979166666666667 0.046875 0.05416666666666667
0 0.68125 0.753125 0.05390625 0.10416666666666667
0 0.5578125 0.2375 0.0484375 0.07395833333333333
0 0.84765625 0.4 0.065625 0.11354166666666667
0 0.865625 0.615625 0.071875 0.12083333333333333