3 0.46484375 0.9072916666666667 0.090625 0.175
0 0.10078125 0.7322916666666667 0.084375 0.13125
0 0.27734375 0.7854166666666667 0.05703125 0.128125
0 0.42265625 0.6677083333333333 0.059375 0.115625
0 0.553125 0.5375 0.05390625 0.13541666666666666
0 0.28984375 0.2864583333333333 0.059375 0.09895833333333333
0 0.3796875 0.14479166666666668 0.034375 0.06666666666666667
0 0.16328125 0.553125 0.05390625 0.08854166666666667
0 0.10546875 0.3145833333333333 0.053125 0.07604166666666666
0 0.18828125 0.3333333333333333 0.05390625 0.084375
0 0.059375 0.525 0.05703125 0.071875