3 0.728125 0.21458333333333332 0.071875 0.08854166666666667
3 0.784375 0.8802083333333334 0.1015625 0.12083333333333333
3 0.63359375 0.6447916666666667 0.0609375 0.09895833333333333
3 0.125 0.8041666666666667 0.0640625 0.08125
3 0.18515625 0.6270833333333333 0.05703125 0.059375
3 0.03515625 0.7760416666666666 0.0625 0.09166666666666666
0 0.44765625 0.2989583333333333 0.05703125 0.09375
0 0.23515625 0.58125 0.04296875 0.071875
0 0.24140625 0.6427083333333333 0.0390625 0.071875
0 0.01875 0.6135416666666667 0.034375 0.07604166666666666
0 0.36796875 0.675 0.053125 0.08645833333333333
0 0.2484375 0.3958333333333333 0.053125 0.08125
0 0.38671875 0.353125 0.0515625 0.07395833333333333