0 0.04453125 0.10104166666666667 0.08046875 0.12395833333333334
0 0.41953125 0.04791666666666667 0.0390625 0.06666666666666667
0 0.48828125 0.027083333333333334 0.0484375 0.04895833333333333
0 0.5484375 0.03958333333333333 0.046875 0.07395833333333333
0 0.74375 0.384375 0.065625 0.09583333333333334
0 0.69453125 0.2875 0.046875 0.07604166666666666
0 0.5125 0.234375 0.06953125 0.11875
1 0.77421875 0.5791666666666667 0.08203125 0.14583333333333334
1 0.69609375 0.49895833333333334 0.10859375 0.14791666666666667
1 0.61796875 0.9489583333333333 0.125 0.10104166666666667
1 0.6109375 0.8114583333333333 0.15859375 0.16041666666666668
0 0.409375 0.6708333333333333 0.125 0.21979166666666666