1 0.921875 0.746875 0.09609375 0.115625
1 0.91875 0.8489583333333334 0.1375 0.178125
1 0.89609375 0.94375 0.1859375 0.1125
1 0.884375 0.28541666666666665 0.09453125 0.071875
0 0.353125 0.051041666666666666 0.0609375 0.09583333333333334
0 0.31875 0.14583333333333334 0.059375 0.07916666666666666
0 0.54765625 0.027083333333333334 0.04296875 0.04895833333333333
0 0.428125 0.041666666666666664 0.04296875 0.06458333333333334
0 0.67265625 0.11770833333333333 0.06796875 0.11145833333333334
0 0.740625 0.08229166666666667 0.06640625 0.11145833333333334
0 0.77578125 0.28125 0.0765625 0.153125
0 0.6609375 0.253125 0.071875 0.13125
3 0.809375 0.4041666666666667 0.0859375 0.09583333333333334
0 0.72734375 0.4427083333333333 0.0765625 0.140625
0 0.72265625 0.70625 0.109375 0.19791666666666666
0 0.66484375 0.86875 0.12890625 0.2375
0 0.55546875 0.9354166666666667 0.121875 0.128125