0 0.8984375 0.8854166666666666 0.053125 0.09583333333333334
0 0.71953125 0.3458333333333333 0.0359375 0.06875
0 0.60625 0.38229166666666664 0.0515625 0.09375
0 0.6171875 0.8447916666666667 0.0625 0.09895833333333333
0 0.50078125 0.5479166666666667 0.02890625 0.07395833333333333
0 0.50625 0.6291666666666667 0.04609375 0.09375
0 0.396875 0.4197916666666667 0.05546875 0.08854166666666667
0 0.33515625 0.41875 0.0625 0.09166666666666666
0 0.3171875 0.8666666666666667 0.10390625 0.17291666666666666
3 0.578125 0.965625 0.06640625 0.06875
3 0.771875 0.6541666666666667 0.0515625 0.07395833333333333
3 0.95703125 0.7625 0.0640625 0.10833333333333334
3 0.8109375 0.9520833333333333 0.0609375 0.09583333333333334
3 0.540625 0.5854166666666667 0.0375 0.04479166666666667
3 0.553125 0.7208333333333333 0.05703125 0.10416666666666667
3 0.41875 0.821875 0.040625 0.07916666666666666
3 0.4125 0.5791666666666667 0.078125 0.09583333333333334
3 0.196875 0.45729166666666665 0.059375 0.07395833333333333