1 0.05 0.8072916666666666 0.096875 0.14791666666666667
1 0.321875 0.30416666666666664 0.0859375 0.07395833333333333
1 0.2265625 0.40208333333333335 0.04453125 0.12395833333333334
3 0.31171875 0.45208333333333334 0.07109375 0.12395833333333334
1 0.60625 0.07395833333333333 0.10703125 0.14270833333333333
1 0.55078125 0.9427083333333334 0.15703125 0.11354166666666667
0 0.8484375 0.5125 0.14453125 0.209375
0 0.8953125 0.29375 0.08203125 0.17291666666666666
0 0.421875 0.371875 0.0859375 0.115625
0 0.240625 0.246875 0.078125 0.153125
3 0.69453125 0.22916666666666666 0.103125 0.13854166666666667
1 0.7765625 0.30520833333333336 0.10859375 0.18541666666666667