0 0.75546875 0.109375 0.075 0.115625
0 0.7171875 0.18645833333333334 0.0734375 0.12083333333333333
0 0.6703125 0.11875 0.0734375 0.09895833333333333
0 0.60859375 0.11875 0.0609375 0.10416666666666667
0 0.521875 0.11875 0.0734375 0.12395833333333334
3 0.45625 0.8395833333333333 0.0765625 0.14270833333333333
1 0.89921875 0.265625 0.1484375 0.09166666666666666
1 0.94140625 0.39791666666666664 0.11640625 0.16770833333333332
1 0.7234375 0.32395833333333335 0.09453125 0.10833333333333334
0 0.02890625 0.48125 0.053125 0.18229166666666666
0 0.06796875 0.7322916666666667 0.13046875 0.18541666666666667
0 0.24296875 0.6604166666666667 0.11640625 0.18541666666666667
0 0.50390625 0.9458333333333333 0.128125 0.10833333333333334