0 0.13046875 0.671875 0.03359375 0.06458333333333334
0 0.25546875 0.5125 0.028125 0.057291666666666664
0 0.54921875 0.40729166666666666 0.040625 0.059375
0 0.27421875 0.4239583333333333 0.0265625 0.057291666666666664
0 0.384375 0.3145833333333333 0.0375 0.057291666666666664
0 0.36640625 0.44895833333333335 0.04140625 0.07395833333333333
0 0.47265625 0.47604166666666664 0.0515625 0.07395833333333333
0 0.425 0.5510416666666667 0.05 0.07916666666666666
0 0.42578125 0.6270833333333333 0.040625 0.07395833333333333
0 0.53046875 0.7375 0.04140625 0.08645833333333333
0 0.61015625 0.546875 0.04609375 0.06145833333333333
0 0.91484375 0.553125 0.065625 0.11875
0 0.50625 0.9177083333333333 0.05703125 0.09583333333333334