1 0.165625 0.5666666666666667 0.05390625 0.18541666666666667
1 0.90234375 0.8072916666666666 0.1953125 0.21458333333333332
1 0.83828125 0.675 0.3234375 0.2
1 0.74609375 0.9260416666666667 0.13359375 0.14791666666666667
1 0.753125 0.8520833333333333 0.221875 0.29583333333333334
2 0.715625 0.5677083333333334 0.15703125 0.271875
0 0.61796875 0.8895833333333333 0.1453125 0.22083333333333333
0 0.4796875 0.878125 0.1234375 0.21458333333333332
1 0.52890625 0.7208333333333333 0.28046875 0.23229166666666667
2 0.546875 0.6125 0.121875 0.14270833333333333
2 0.60625 0.4666666666666667 0.10703125 0.21770833333333334
2 0.53515625 0.45416666666666666 0.0875 0.20729166666666668
2 0.61171875 0.22916666666666666 0.0625 0.178125
2 0.6046875 0.035416666666666666 0.05703125 0.06666666666666667
2 0.66484375 0.03125 0.10390625 0.057291666666666664
0 0.38671875 0.6135416666666667 0.084375 0.17083333333333334
0 0.49140625 0.38125 0.09453125 0.21979166666666666
0 0.56484375 0.20104166666666667 0.10390625 0.209375
0 0.490625 0.11145833333333334 0.1 0.1875
1 0.39296875 0.03958333333333333 0.0640625 0.07395833333333333
1 0.3828125 0.11770833333333333 0.14296875 0.22916666666666666
1 0.3359375 0.25833333333333336 0.1109375 0.12604166666666666
1 0.28203125 0.21770833333333334 0.08359375 0.246875
0 0.41796875 0.24270833333333333 0.0890625 0.18020833333333333
1 0.40625 0.33958333333333335 0.1765625 0.19479166666666667
1 0.25 0.47291666666666665 0.0859375 0.22916666666666666
1 0.3328125 0.83125 0.11796875 0.165625
1 0.2484375 0.9229166666666667 0.153125 0.15416666666666667
1 0.25859375 0.7354166666666667 0.096875 0.315625
1 0.1234375 0.94375 0.06875 0.1125
1 0.11796875 0.7885416666666667 0.06953125 0.22916666666666666
0 0.3859375 0.9458333333333333 0.06953125 0.10416666666666667