2 0.9390625 0.8458333333333333 0.11640625 0.30833333333333335
2 0.6765625 0.3645833333333333 0.05 0.16041666666666668
1 0.671875 0.246875 0.06953125 0.11354166666666667
1 0.65703125 0.14270833333333333 0.08359375 0.14270833333333333
1 0.746875 0.275 0.084375 0.15104166666666666
2 0.0515625 0.8010416666666667 0.1 0.24895833333333334
0 0.3109375 0.3614583333333333 0.0890625 0.10104166666666667
0 0.24296875 0.240625 0.13359375 0.23958333333333334
0 0.296875 0.7625 0.1640625 0.26145833333333335
0 0.284375 0.9197916666666667 0.20546875 0.16041666666666668
0 0.46875 0.859375 0.190625 0.28125
2 0.4421875 0.73125 0.159375 0.271875
1 0.4328125 0.48541666666666666 0.215625 0.28854166666666664
1 0.44921875 0.36770833333333336 0.10703125 0.2375
2 0.415625 0.159375 0.10703125 0.190625
2 0.5171875 0.18541666666666667 0.12890625 0.16770833333333332
2 0.5953125 0.4708333333333333 0.10390625 0.22916666666666666
1 0.76171875 0.4552083333333333 0.27109375 0.22916666666666666
1 0.70859375 0.7875 0.15 0.3854166666666667
2 0.84140625 0.265625 0.1390625 0.209375
2 0.84140625 0.634375 0.153125 0.2916666666666667
2 0.79609375 0.8760416666666667 0.178125 0.246875