3 0.76328125 0.5489583333333333 0.07109375 0.08645833333333333
3 0.715625 0.48020833333333335 0.0640625 0.06145833333333333
3 0.93515625 0.7020833333333333 0.0984375 0.14583333333333334
3 0.73046875 0.871875 0.08046875 0.13854166666666667
3 0.703125 0.6322916666666667 0.07109375 0.07916666666666666
3 0.3390625 0.9052083333333333 0.053125 0.06666666666666667
3 0.15078125 0.86875 0.065625 0.11875
3 0.021875 0.80625 0.04140625 0.10104166666666667
0 0.10234375 0.6572916666666667 0.07109375 0.09375
0 0.153125 0.571875 0.04609375 0.06145833333333333
0 0.24921875 0.640625 0.06796875 0.08125
0 0.3328125 0.6052083333333333 0.05703125 0.08854166666666667
0 0.81640625 0.184375 0.046875 0.071875
0 0.63515625 0.2760416666666667 0.04296875 0.07395833333333333
0 0.628125 0.125 0.04609375 0.09166666666666666
0 0.85234375 0.5083333333333333 0.109375 0.13333333333333333
0 0.56171875 0.528125 0.0875 0.128125
0 0.53984375 0.9145833333333333 0.0765625 0.14583333333333334