0 0.49453125 0.11875 0.04140625 0.05416666666666667
0 0.17890625 0.359375 0.05859375 0.071875
0 0.40546875 0.2375 0.053125 0.08854166666666667
0 0.95703125 0.25416666666666665 0.0640625 0.07395833333333333
0 0.8703125 0.6760416666666667 0.0515625 0.12395833333333334
0 0.67265625 0.17395833333333333 0.05703125 0.08645833333333333
0 0.7515625 0.27395833333333336 0.075 0.10416666666666667
0 0.721875 0.9572916666666667 0.06875 0.08541666666666667
0 0.23046875 0.9625 0.153125 0.07395833333333333
3 0.8578125 0.3385416666666667 0.0765625 0.07916666666666666
3 0.8484375 0.509375 0.071875 0.10104166666666667
3 0.7609375 0.578125 0.05859375 0.09895833333333333
3 0.790625 0.8197916666666667 0.09453125 0.12395833333333334
3 0.328125 0.8416666666666667 0.0640625 0.10833333333333334
3 0.1546875 0.8385416666666666 0.09609375 0.13125
3 0.07734375 0.8135416666666667 0.08203125 0.11145833333333334