1 0.09765625 0.8822916666666667 0.134375 0.234375
2 0.17265625 0.8729166666666667 0.1234375 0.16041666666666668
2 0.184375 0.946875 0.11640625 0.10625
2 0.090625 0.7 0.10859375 0.15520833333333334
0 0.059375 0.63125 0.11640625 0.12604166666666666
1 0.178125 0.4 0.12890625 0.11354166666666667
0 0.0984375 0.484375 0.125 0.153125
0 0.17109375 0.5729166666666666 0.0859375 0.13333333333333333
0 0.24453125 0.584375 0.09453125 0.12604166666666666
0 0.22265625 0.4739583333333333 0.1015625 0.153125
0 0.165625 0.7125 0.1359375 0.14583333333333334
0 0.31796875 0.5197916666666667 0.0859375 0.16041666666666668
0 0.303125 0.765625 0.1140625 0.21770833333333334
0 0.375 0.7416666666666667 0.0859375 0.21979166666666666
2 0.3703125 0.5864583333333333 0.09609375 0.16041666666666668
2 0.45078125 0.4666666666666667 0.12890625 0.20208333333333334
1 0.4078125 0.3802083333333333 0.1125 0.178125
1 0.484375 0.76875 0.171875 0.378125
1 0.5125 0.6885416666666667 0.06953125 0.2864583333333333
2 0.596875 0.6427083333333333 0.128125 0.22916666666666666
2 0.67890625 0.7479166666666667 0.1109375 0.271875
0 0.7453125 0.8854166666666666 0.140625 0.2
2 0.6390625 0.5114583333333333 0.1140625 0.153125
2 0.6890625 0.415625 0.1 0.17083333333333334
2 0.85625 0.2791666666666667 0.115625 0.10416666666666667
0 0.784375 0.6854166666666667 0.14140625 0.25416666666666665
0 0.859375 0.5822916666666667 0.1390625 0.22708333333333333
1 0.9140625 0.42604166666666665 0.0859375 0.140625
2 0.92734375 0.6072916666666667 0.059375 0.221875
2 0.9703125 0.6708333333333333 0.059375 0.21979166666666666
2 0.77109375 0.3416666666666667 0.10546875 0.17083333333333334
2 0.82265625 0.446875 0.090625 0.13333333333333333
2 0.96796875 0.465625 0.0640625 0.09583333333333334
0 0.89921875 0.13125 0.08203125 0.11875
0 0.95703125 0.29270833333333335 0.075 0.14583333333333334
1 0.9671875 0.16458333333333333 0.065625 0.15520833333333334
0 0.825 0.06666666666666667 0.0890625 0.128125
2 0.90703125 0.03229166666666667 0.09453125 0.059375
2 0.509375 0.10625 0.09296875 0.128125
3 0.0359375 0.309375 0.06953125 0.16041666666666668