3 0.75859375 0.9270833333333334 0.0890625 0.14583333333333334
0 0.1875 0.04895833333333333 0.075 0.09375
0 0.15390625 0.12395833333333334 0.05859375 0.11875
0 0.1765625 0.359375 0.0890625 0.13541666666666666
0 0.17890625 0.5020833333333333 0.0640625 0.13125
0 0.33828125 0.6041666666666666 0.0875 0.12604166666666666
0 0.58984375 0.30833333333333335 0.09296875 0.14791666666666667
0 0.79765625 0.065625 0.09609375 0.12604166666666666
0 0.859375 0.41458333333333336 0.1125 0.23229166666666667
0 0.9078125 0.590625 0.115625 0.20208333333333334
3 0.4203125 0.78125 0.109375 0.18020833333333333