3 0.7328125 0.6395833333333333 0.0375 0.07395833333333333
3 0.6546875 0.784375 0.04296875 0.057291666666666664
3 0.22734375 0.8447916666666667 0.059375 0.09375
3 0.55390625 0.875 0.08046875 0.10104166666666667
0 0.56328125 0.7208333333333333 0.06796875 0.12395833333333334
0 0.52734375 0.6520833333333333 0.0515625 0.07916666666666666
0 0.47734375 0.6791666666666667 0.0515625 0.08854166666666667
0 0.2828125 0.715625 0.04296875 0.059375
0 0.45625 0.565625 0.02890625 0.03958333333333333
0 0.421875 0.590625 0.034375 0.04479166666666667
0 0.384375 0.6260416666666667 0.0359375 0.041666666666666664
3 0.65390625 0.5729166666666666 0.0359375 0.04895833333333333
0 0.678125 0.4395833333333333 0.03359375 0.03958333333333333
0 0.859375 0.46145833333333336 0.04453125 0.05416666666666667
0 0.91953125 0.421875 0.04140625 0.04895833333333333