3 0.7390625 0.115625 0.05859375 0.07916666666666666
3 0.73671875 0.19791666666666666 0.065625 0.06875
0 0.96796875 0.06875 0.05859375 0.07916666666666666
0 0.690625 0.046875 0.059375 0.08854166666666667
0 0.5484375 0.315625 0.08046875 0.10833333333333334
0 0.428125 0.271875 0.053125 0.09375
0 0.26484375 0.25104166666666666 0.05390625 0.07604166666666666
3 0.92890625 0.8541666666666666 0.09140625 0.12395833333333334
3 0.58125 0.8979166666666667 0.05703125 0.11145833333333334
0 0.459375 0.821875 0.09453125 0.153125
0 0.1828125 0.5802083333333333 0.0625 0.10416666666666667
1 0.2875 0.34479166666666666 0.0890625 0.11145833333333334