0 0.29296875 0.5552083333333333 0.046875 0.07395833333333333
0 0.3671875 0.5510416666666667 0.04609375 0.08854166666666667
0 0.33515625 0.6041666666666666 0.059375 0.08645833333333333
0 0.24375 0.540625 0.0515625 0.084375
0 0.16484375 0.5458333333333333 0.05703125 0.08854166666666667
0 0.35 0.478125 0.046875 0.07604166666666666
0 0.321875 0.3854166666666667 0.05 0.07916666666666666
0 0.38515625 0.425 0.04296875 0.07395833333333333
0 0.55390625 0.08541666666666667 0.04453125 0.08125
0 0.47890625 0.425 0.05546875 0.09375
0 0.5640625 0.8760416666666667 0.1 0.15833333333333333