1 0.084375 0.4875 0.1375 0.28854166666666664
1 0.13203125 0.640625 0.14453125 0.31875
1 0.2015625 0.6729166666666667 0.16640625 0.353125
1 0.28046875 0.40208333333333335 0.10859375 0.271875
1 0.2140625 0.28020833333333334 0.14140625 0.11145833333333334
1 0.2578125 0.8572916666666667 0.15 0.28541666666666665
1 0.371875 0.8427083333333333 0.140625 0.31354166666666666
1 0.471875 0.896875 0.153125 0.20625
0 0.5484375 0.8041666666666667 0.146875 0.26458333333333334
1 0.6125 0.921875 0.096875 0.15520833333333334
1 0.70390625 0.921875 0.125 0.15520833333333334
1 0.83984375 0.8135416666666667 0.3203125 0.27291666666666664
0 0.8375 0.928125 0.19453125 0.14270833333333333
2 0.7296875 0.7510416666666667 0.0765625 0.10833333333333334
2 0.91875 0.6666666666666666 0.14609375 0.153125
2 0.8 0.6260416666666667 0.13046875 0.18020833333333333
0 0.64296875 0.590625 0.18046875 0.2916666666666667
1 0.49765625 0.5177083333333333 0.25390625 0.2
2 0.703125 0.5458333333333333 0.103125 0.19270833333333334
0 0.71171875 0.36666666666666664 0.134375 0.23958333333333334
2 0.70390625 0.434375 0.1109375 0.07916666666666666
0 0.5953125 0.29791666666666666 0.15703125 0.21979166666666666
0 0.496875 0.37604166666666666 0.115625 0.19479166666666667
1 0.40546875 0.3614583333333333 0.103125 0.19479166666666667
1 0.4703125 0.23333333333333334 0.140625 0.12083333333333333
1 0.35859375 0.2552083333333333 0.071875 0.15104166666666666
1 0.3265625 0.17083333333333334 0.1359375 0.13854166666666667
0 0.46640625 0.10520833333333333 0.06640625 0.11145833333333334
1 0.409375 0.17395833333333333 0.08203125 0.11145833333333334
2 0.71875 0.25416666666666665 0.07890625 0.10416666666666667
0 0.67734375 0.134375 0.090625 0.165625
1 0.49765625 0.13958333333333334 0.0875 0.09583333333333334
1 0.640625 0.090625 0.04296875 0.11145833333333334
0 0.615625 0.065625 0.05390625 0.08125
1 0.56328125 0.08229166666666667 0.1015625 0.06666666666666667
0 0.51953125 0.03854166666666667 0.05546875 0.071875
1 0.56953125 0.035416666666666666 0.05546875 0.06666666666666667
1 0.94140625 0.18229166666666666 0.11640625 0.11875