3 0.35859375 0.7197916666666667 0.05546875 0.09583333333333334
0 0.65703125 0.578125 0.09140625 0.178125
0 0.471875 0.5020833333333333 0.0625 0.08645833333333333
0 0.265625 0.4791666666666667 0.06953125 0.09895833333333333
0 0.209375 0.909375 0.059375 0.12083333333333333
0 0.21328125 0.784375 0.0515625 0.10104166666666667
3 0.30703125 0.846875 0.046875 0.06875
3 0.353125 0.5479166666666667 0.0515625 0.07916666666666666
3 0.4953125 0.615625 0.06796875 0.10104166666666667
3 0.784375 0.484375 0.0765625 0.128125
3 0.86640625 0.4791666666666667 0.078125 0.128125
0 0.95078125 0.0875 0.0984375 0.17083333333333334
0 0.76640625 0.08854166666666667 0.06953125 0.09375