1 0.8078125 0.7458333333333333 0.0625 0.20729166666666668
0 0.91015625 0.5979166666666667 0.1015625 0.178125
0 0.68359375 0.16770833333333332 0.071875 0.128125
0 0.72265625 0.7322916666666667 0.0765625 0.14583333333333334
0 0.553125 0.6458333333333334 0.05390625 0.13125
0 0.221875 0.6885416666666667 0.04609375 0.07916666666666666
0 0.48125 0.39479166666666665 0.05703125 0.084375
0 0.48671875 0.47291666666666665 0.05703125 0.071875
0 0.57109375 0.48020833333333335 0.053125 0.08645833333333333
0 0.61640625 0.425 0.0390625 0.07395833333333333
0 0.571875 0.25104166666666666 0.046875 0.07604166666666666
0 0.496875 0.2520833333333333 0.04609375 0.07395833333333333