2 0.5890625 0.059375 0.09453125 0.11354166666666667
1 0.67109375 0.09166666666666666 0.125 0.11354166666666667
1 0.72265625 0.06666666666666667 0.115625 0.128125
2 0.43984375 0.07916666666666666 0.1015625 0.153125
2 0.3359375 0.1 0.1359375 0.19479166666666667
1 0.33671875 0.703125 0.3609375 0.59375
2 0.66328125 0.184375 0.140625 0.115625
0 0.546875 0.23333333333333334 0.165625 0.24479166666666666
0 0.62265625 0.365625 0.1375 0.19270833333333334
0 0.725 0.29583333333333334 0.121875 0.20208333333333334
0 0.44609375 0.565625 0.19140625 0.3260416666666667
0 0.7109375 0.8010416666666667 0.2640625 0.39791666666666664
1 0.56484375 0.6510416666666666 0.13203125 0.38229166666666664
1 0.7296875 0.5854166666666667 0.22890625 0.31145833333333334
1 0.7890625 0.36875 0.1890625 0.27395833333333336
0 0.84921875 0.575 0.1515625 0.2520833333333333
0 0.896875 0.3072916666666667 0.07890625 0.15104166666666666
1 0.93125 0.475 0.1375 0.225
0 0.9765625 0.6354166666666666 0.046875 0.18020833333333333
0 0.965625 0.8333333333333334 0.06796875 0.24479166666666666