0 0.08515625 0.5541666666666667 0.16796875 0.190625
0 0.06953125 0.71875 0.1359375 0.2125
0 0.075 0.83125 0.14453125 0.23958333333333334
0 0.0296875 0.9291666666666667 0.05703125 0.140625
1 0.0359375 0.24583333333333332 0.06953125 0.115625
0 0.21171875 0.8604166666666667 0.165625 0.27395833333333336
0 0.21875 0.6375 0.1625 0.2520833333333333
0 0.18984375 0.434375 0.134375 0.23229166666666667
2 0.48515625 0.6135416666666667 0.159375 0.259375
0 0.303125 0.415625 0.125 0.20520833333333333
0 0.36015625 0.5447916666666667 0.165625 0.2989583333333333
0 0.365625 0.80625 0.18203125 0.38229166666666664
0 0.49375 0.8895833333333333 0.234375 0.22083333333333333
0 0.31953125 0.23958333333333334 0.11640625 0.18229166666666666
0 0.3890625 0.26875 0.121875 0.153125
0 0.440625 0.38229166666666664 0.128125 0.221875
0 0.43671875 0.11770833333333333 0.13203125 0.190625
0 0.5125 0.20104166666666667 0.1140625 0.20520833333333333
0 0.5671875 0.37916666666666665 0.1625 0.24479166666666666
0 0.6125 0.2375 0.13046875 0.2125
0 0.559375 0.034375 0.0765625 0.06458333333333334
0 0.60390625 0.08229166666666667 0.13359375 0.16041666666666668
0 0.6375 0.6072916666666667 0.178125 0.31145833333333334
0 0.7265625 0.8541666666666666 0.2109375 0.2916666666666667
0 0.80703125 0.63125 0.2 0.3333333333333333
0 0.75625 0.40520833333333334 0.1484375 0.22708333333333333
0 0.759375 0.23541666666666666 0.1484375 0.19479166666666667
0 0.728125 0.10208333333333333 0.128125 0.18541666666666667
0 0.91171875 0.41875 0.1765625 0.31875