3 0.87578125 0.765625 0.15390625 0.2520833333333333
3 0.76640625 0.175 0.075 0.11875
3 0.52109375 0.15208333333333332 0.096875 0.15520833333333334
3 0.49609375 0.9458333333333333 0.08046875 0.10833333333333334
3 0.13359375 0.47291666666666665 0.103125 0.19479166666666667
1 0.86328125 0.534375 0.09609375 0.2
1 0.76171875 0.490625 0.0984375 0.15104166666666666
1 0.6546875 0.7041666666666667 0.165625 0.19270833333333334
1 0.334375 0.828125 0.05546875 0.259375
1 0.31015625 0.20208333333333334 0.0734375 0.12395833333333334
0 0.53828125 0.04895833333333333 0.09609375 0.08854166666666667
0 0.584375 0.8489583333333334 0.10703125 0.21770833333333334