0 0.7375 0.128125 0.03359375 0.059375
0 0.6828125 0.31354166666666666 0.0375 0.06875
0 0.6015625 0.2552083333333333 0.03359375 0.06145833333333333
3 0.778125 0.7 0.05 0.071875
3 0.5875 0.88125 0.05 0.06875
3 0.46796875 0.9333333333333333 0.05546875 0.07916666666666666
0 0.7375 0.5520833333333334 0.0359375 0.057291666666666664
0 0.575 0.575 0.0390625 0.06875
0 0.57265625 0.790625 0.034375 0.06875
0 0.38671875 0.5458333333333333 0.0375 0.05416666666666667
0 0.43046875 0.5260416666666666 0.04140625 0.059375
0 0.4796875 0.63125 0.034375 0.071875
0 0.41640625 0.675 0.046875 0.071875
0 0.64140625 0.6395833333333333 0.04453125 0.07395833333333333
0 0.65 0.7572916666666667 0.04140625 0.08125
0 0.98359375 0.678125 0.0328125 0.09375
0 0.87734375 0.8 0.065625 0.084375
0 0.93125 0.8947916666666667 0.1015625 0.13125
0 0.09765625 0.40520833333333334 0.0765625 0.09895833333333333