0 0.478125 0.5333333333333333 0.03359375 0.06875
3 0.9171875 0.8135416666666667 0.0734375 0.12604166666666666
3 0.84453125 0.80625 0.071875 0.12083333333333333
3 0.59296875 0.9197916666666667 0.0640625 0.10104166666666667
0 0.01875 0.6916666666666667 0.034375 0.084375
0 0.128125 0.7354166666666667 0.05703125 0.05416666666666667
0 0.196875 0.746875 0.04609375 0.071875
0 0.82421875 0.47291666666666665 0.0515625 0.08645833333333333
0 0.91015625 0.32083333333333336 0.07890625 0.11354166666666667
0 0.95234375 0.4739583333333333 0.0953125 0.19791666666666666
0 0.73046875 0.8916666666666667 0.08046875 0.15833333333333333
0 0.5703125 0.8052083333333333 0.05703125 0.09375
0 0.38828125 0.7552083333333334 0.05390625 0.09375
0 0.3296875 0.9760416666666667 0.04296875 0.046875
0 0.03828125 0.9708333333333333 0.0734375 0.058333333333333334