1 0.22578125 0.7114583333333333 0.0515625 0.09895833333333333
0 0.14375 0.9291666666666667 0.1125 0.140625
0 0.76953125 0.18125 0.103125 0.17083333333333334
0 0.7828125 0.47604166666666664 0.0734375 0.14791666666666667
0 0.61171875 0.31354166666666666 0.059375 0.12395833333333334
0 0.59296875 0.190625 0.05546875 0.10833333333333334
0 0.21796875 0.05416666666666667 0.05546875 0.10416666666666667
0 0.02734375 0.171875 0.0515625 0.165625
3 0.35390625 0.078125 0.05859375 0.08125
3 0.8796875 0.16458333333333333 0.0625 0.09583333333333334
3 0.03203125 0.815625 0.0609375 0.19479166666666667
3 0.33828125 0.48020833333333335 0.05703125 0.10625
3 0.54453125 0.4864583333333333 0.05 0.11354166666666667
3 0.42265625 0.8708333333333333 0.065625 0.13125
3 0.3578125 0.6760416666666667 0.05390625 0.08854166666666667