1 0.109375 0.9020833333333333 0.1359375 0.15104166666666666
0 0.21015625 0.8010416666666667 0.1375 0.21458333333333332
0 0.125 0.7239583333333334 0.13359375 0.2520833333333333
0 0.2171875 0.6041666666666666 0.07109375 0.13541666666666666
0 0.29375 0.6520833333333333 0.065625 0.128125
2 0.3359375 0.8760416666666667 0.13046875 0.24166666666666667
0 0.465625 0.8708333333333333 0.103125 0.25833333333333336
0 0.571875 0.8072916666666666 0.15859375 0.2760416666666667
1 0.51484375 0.5041666666666667 0.165625 0.553125
0 0.36328125 0.7177083333333333 0.115625 0.18541666666666667
0 0.3765625 0.584375 0.1140625 0.165625
0 0.46171875 0.6354166666666666 0.1125 0.18541666666666667
2 0.24140625 0.48854166666666665 0.071875 0.128125
2 0.340625 0.46770833333333334 0.09609375 0.14583333333333334
0 0.4796875 0.4010416666666667 0.08203125 0.14583333333333334
0 0.39921875 0.346875 0.0875 0.12604166666666666
1 0.42421875 0.2625 0.0984375 0.15520833333333334
1 0.36328125 0.29375 0.0734375 0.221875
1 0.26640625 0.19375 0.15859375 0.209375
1 0.36875 0.13958333333333334 0.0625 0.22916666666666666
1 0.1765625 0.35208333333333336 0.121875 0.16041666666666668
1 0.246875 0.15104166666666666 0.0984375 0.2125
0 0.44609375 0.10833333333333334 0.078125 0.12395833333333334
0 0.64609375 0.515625 0.128125 0.2375
0 0.60390625 0.28854166666666664 0.1140625 0.20208333333333334
0 0.65 0.08645833333333333 0.13359375 0.16770833333333332
1 0.825 0.334375 0.1890625 0.36770833333333336
1 0.83359375 0.209375 0.20859375 0.315625
1 0.9765625 0.25729166666666664 0.046875 0.13333333333333333
2 0.7578125 0.19375 0.115625 0.225
2 0.796875 0.035416666666666666 0.115625 0.06666666666666667
2 0.9203125 0.07083333333333333 0.159375 0.13541666666666666