1 0.74765625 0.11770833333333333 0.190625 0.17083333333333334
1 0.69140625 0.18229166666666666 0.19140625 0.178125
2 0.65 0.042708333333333334 0.1359375 0.08125
2 0.71875 0.371875 0.215625 0.21979166666666666
0 0.60546875 0.5614583333333333 0.36953125 0.5510416666666667
2 0.16484375 0.3854166666666667 0.27109375 0.434375
2 0.346875 0.29375 0.2015625 0.41458333333333336
1 0.48828125 0.24895833333333334 0.14296875 0.44479166666666664
2 0.56953125 0.19895833333333332 0.10546875 0.23958333333333334
1 0.2640625 0.1 0.1609375 0.11145833333333334
1 0.09296875 0.08541666666666667 0.18359375 0.165625
1 0.3765625 0.03854166666666667 0.06640625 0.071875
0 0.8859375 0.6020833333333333 0.228125 0.42916666666666664
0 0.8234375 0.7677083333333333 0.303125 0.46458333333333335