0 0.65859375 0.027083333333333334 0.05546875 0.04895833333333333
0 0.6890625 0.06666666666666667 0.0359375 0.05416666666666667
0 0.64609375 0.09895833333333333 0.046875 0.07916666666666666
0 0.67890625 0.14270833333333333 0.0390625 0.07395833333333333
0 0.684375 0.19375 0.04609375 0.071875
0 0.71171875 0.253125 0.04296875 0.071875
0 0.73515625 0.309375 0.0625 0.11145833333333334
1 0.61328125 0.9270833333333334 0.065625 0.14583333333333334
0 0.74296875 0.9625 0.071875 0.07395833333333333
0 0.80859375 0.5322916666666667 0.0640625 0.115625
0 0.815625 0.7020833333333333 0.0890625 0.16041666666666668