3 0.24296875 0.4666666666666667 0.1109375 0.1625
0 0.16171875 0.3625 0.04296875 0.06458333333333334
0 0.24296875 0.3260416666666667 0.05 0.07916666666666666
0 0.47265625 0.26875 0.034375 0.059375
0 0.4953125 0.3385416666666667 0.0484375 0.084375
0 0.4984375 0.5677083333333334 0.046875 0.06875
0 0.3890625 0.6916666666666667 0.0609375 0.09895833333333333
0 0.57734375 0.7666666666666667 0.0484375 0.08125
0 0.6 0.9572916666666667 0.065625 0.08541666666666667
0 0.8296875 0.5854166666666667 0.05390625 0.07916666666666666
0 0.89453125 0.7552083333333334 0.0640625 0.09375
3 0.28828125 0.6541666666666667 0.0765625 0.08854166666666667