0 0.88203125 0.13854166666666667 0.05 0.084375
0 0.64765625 0.08645833333333333 0.0625 0.09895833333333333
0 0.41015625 0.2791666666666667 0.0484375 0.07916666666666666
0 0.2609375 0.253125 0.04140625 0.06666666666666667
0 0.5125 0.309375 0.05546875 0.09583333333333334
0 0.4234375 0.715625 0.078125 0.128125
0 0.1796875 0.5333333333333333 0.059375 0.08854166666666667
0 0.91875 0.9770833333333333 0.1 0.04583333333333333
3 0.8375 0.9520833333333333 0.06953125 0.09583333333333334
3 0.82890625 0.8041666666666667 0.0640625 0.08125
3 0.52421875 0.784375 0.04609375 0.07604166666666666
3 0.184375 0.9239583333333333 0.059375 0.08854166666666667