0 0.02734375 0.328125 0.0515625 0.10416666666666667
0 0.0671875 0.190625 0.0515625 0.09895833333333333
3 0.428125 0.8052083333333333 0.1 0.14791666666666667
0 0.5234375 0.6791666666666667 0.06640625 0.14270833333333333
0 0.46640625 0.6916666666666667 0.06953125 0.11354166666666667
0 0.471875 0.5979166666666667 0.0640625 0.10416666666666667
0 0.453125 0.540625 0.065625 0.08854166666666667
0 0.453125 0.46458333333333335 0.05 0.07395833333333333
0 0.49453125 0.4583333333333333 0.046875 0.10104166666666667
0 0.48828125 0.3854166666666667 0.0515625 0.06875
0 0.43359375 0.43125 0.05 0.08645833333333333
0 0.44609375 0.36041666666666666 0.04453125 0.06458333333333334
0 0.54375 0.30833333333333335 0.0484375 0.084375
0 0.5921875 0.25833333333333336 0.0484375 0.071875
0 0.553125 0.234375 0.034375 0.07395833333333333
0 0.7234375 0.06041666666666667 0.0390625 0.057291666666666664
1 0.87578125 0.24166666666666667 0.1125 0.08854166666666667
0 0.43671875 0.30520833333333336 0.0375 0.06145833333333333
0 0.453125 0.25416666666666665 0.0390625 0.04895833333333333