0 0.628125 0.10833333333333334 0.05390625 0.09375
3 0.5828125 0.5458333333333333 0.0375 0.06458333333333334
0 0.53671875 0.5416666666666666 0.0625 0.11145833333333334
3 0.4453125 0.5322916666666667 0.0484375 0.07604166666666666
0 0.41015625 0.5114583333333333 0.0484375 0.11875
0 0.3359375 0.9697916666666667 0.059375 0.06041666666666667
3 0.03203125 0.22708333333333333 0.0609375 0.12395833333333334
3 0.01640625 0.49583333333333335 0.03046875 0.13854166666666667
3 0.57109375 0.24895833333333334 0.0359375 0.08854166666666667
3 0.5546875 0.19895833333333332 0.034375 0.057291666666666664
3 0.5828125 0.171875 0.03203125 0.07604166666666666
3 0.509375 0.36770833333333336 0.05 0.084375
3 0.415625 0.3177083333333333 0.04609375 0.071875
3 0.421875 0.7197916666666667 0.04453125 0.08125
3 0.32421875 0.5239583333333333 0.059375 0.11354166666666667
3 0.29140625 0.675 0.0859375 0.15104166666666666
3 0.84921875 0.4739583333333333 0.0625 0.07395833333333333
3 0.70390625 0.3385416666666667 0.0640625 0.11354166666666667
3 0.58125 0.8875 0.04296875 0.09166666666666666
3 0.628125 0.89375 0.040625 0.084375
3 0.659375 0.8458333333333333 0.0609375 0.12083333333333333