0 0.01875 0.4 0.034375 0.084375
0 0.09140625 0.3145833333333333 0.04453125 0.071875
0 0.34140625 0.28229166666666666 0.0390625 0.071875
0 0.346875 0.44583333333333336 0.04453125 0.071875
0 0.4390625 0.3729166666666667 0.04140625 0.07395833333333333
0 0.50546875 0.49895833333333334 0.046875 0.05416666666666667
0 0.49296875 0.40208333333333335 0.0359375 0.04895833333333333
0 0.5421875 0.40729166666666666 0.034375 0.04895833333333333
0 0.603125 0.49270833333333336 0.0375 0.06145833333333333
0 0.7265625 0.9572916666666667 0.046875 0.08541666666666667
0 0.821875 0.43125 0.046875 0.07604166666666666
0 0.84140625 0.5322916666666667 0.04453125 0.071875
3 0.13203125 0.959375 0.0890625 0.08125
0 0.45390625 0.8447916666666667 0.075 0.13333333333333333