0 0.1453125 0.9427083333333334 0.059375 0.11354166666666667
3 0.296875 0.9822916666666667 0.0515625 0.034375
0 0.103125 0.715625 0.065625 0.09895833333333333
0 0.38671875 0.9625 0.0734375 0.07395833333333333
3 0.44921875 0.9479166666666666 0.065625 0.08854166666666667
0 0.41875 0.61875 0.04609375 0.08645833333333333
0 0.90625 0.8645833333333334 0.184375 0.23229166666666667
0 0.80859375 0.79375 0.13359375 0.2
0 0.6515625 0.8760416666666667 0.03359375 0.07916666666666666
0 0.6484375 0.9447916666666667 0.0390625 0.071875
3 0.68984375 0.9583333333333334 0.0515625 0.07395833333333333