3 0.2359375 0.6677083333333333 0.0640625 0.08125
0 0.13828125 0.734375 0.0734375 0.115625
0 0.18125 0.5822916666666667 0.04609375 0.084375
0 0.23515625 0.3145833333333333 0.034375 0.06666666666666667
0 0.04140625 0.43333333333333335 0.071875 0.10625
0 0.5484375 0.59375 0.046875 0.09166666666666666
0 0.62421875 0.484375 0.0484375 0.059375
0 0.87890625 0.78125 0.06640625 0.09166666666666666
0 0.746875 0.7604166666666666 0.05 0.08854166666666667
0 0.72109375 0.9 0.05 0.08645833333333333
0 0.71484375 0.6208333333333333 0.04609375 0.08125
0 0.9453125 0.4 0.05703125 0.06458333333333334
0 0.60078125 0.290625 0.05390625 0.09166666666666666
0 0.35 0.40729166666666666 0.03046875 0.059375
0 0.4046875 0.353125 0.040625 0.06875