0 0.740625 0.2947916666666667 0.046875 0.071875
0 0.54140625 0.340625 0.046875 0.09375
0 0.4375 0.471875 0.04140625 0.084375
0 0.31875 0.40625 0.0484375 0.071875
0 0.3640625 0.35520833333333335 0.04453125 0.06458333333333334
0 0.36640625 0.575 0.05546875 0.11354166666666667
0 0.6421875 0.44895833333333335 0.0515625 0.09375
0 0.6796875 0.6395833333333333 0.065625 0.10833333333333334
0 0.978125 0.690625 0.04296875 0.09166666666666666
3 0.540625 0.9666666666666667 0.071875 0.06666666666666667
3 0.4703125 0.9239583333333333 0.07890625 0.128125
3 0.6046875 0.7729166666666667 0.05390625 0.08854166666666667
3 0.8328125 0.515625 0.0625 0.08854166666666667
3 0.7828125 0.453125 0.05703125 0.08125