0 0.39921875 0.11458333333333333 0.04296875 0.06666666666666667
0 0.44921875 0.9260416666666667 0.0515625 0.12395833333333334
0 0.58984375 0.928125 0.059375 0.11354166666666667
0 0.80703125 0.052083333333333336 0.05546875 0.09895833333333333
0 0.8125 0.26666666666666666 0.0640625 0.12395833333333334
0 0.6359375 0.415625 0.05 0.09166666666666666
0 0.52109375 0.30625 0.0359375 0.07395833333333333
0 0.4375 0.3375 0.03046875 0.071875
0 0.1484375 0.23541666666666666 0.04453125 0.07604166666666666
3 0.440625 0.6875 0.046875 0.09166666666666666
3 0.6421875 0.925 0.04296875 0.071875
3 0.9265625 0.7885416666666667 0.071875 0.09166666666666666
3 0.746875 0.6625 0.06640625 0.12083333333333333
3 0.54140625 0.725 0.053125 0.09166666666666666
3 0.03359375 0.784375 0.0640625 0.16041666666666668
3 0.35390625 0.9697916666666667 0.0515625 0.06041666666666667
3 0.48828125 0.9395833333333333 0.040625 0.09583333333333334