1 0.728125 0.775 0.065625 0.11875
0 0.80859375 0.6979166666666666 0.10859375 0.175
0 0.64609375 0.80625 0.05859375 0.10104166666666667
0 0.89140625 0.384375 0.046875 0.08125
0 0.90703125 0.259375 0.05546875 0.084375
0 0.58125 0.5354166666666667 0.04296875 0.06458333333333334
0 0.4109375 0.525 0.046875 0.08125
3 0.45859375 0.41770833333333335 0.046875 0.04895833333333333
3 0.70546875 0.6625 0.04453125 0.071875
3 0.69375 0.5552083333333333 0.04296875 0.059375
3 0.79609375 0.453125 0.053125 0.071875