1 0.334375 0.90625 0.153125 0.1875
1 0.403125 0.8708333333333333 0.0984375 0.19479166666666667
0 0.7984375 0.9270833333333334 0.09453125 0.14583333333333334
0 0.90703125 0.7885416666666667 0.1 0.16041666666666668
0 0.46015625 0.6177083333333333 0.08203125 0.178125
0 0.390625 0.453125 0.07109375 0.10104166666666667
0 0.671875 0.46458333333333335 0.06640625 0.12395833333333334
0 0.72109375 0.3625 0.05546875 0.09895833333333333
0 0.6015625 0.284375 0.04453125 0.06458333333333334
0 0.46171875 0.24895833333333334 0.059375 0.07916666666666666
0 0.39609375 0.209375 0.053125 0.07916666666666666
0 0.646875 0.25104166666666666 0.04296875 0.052083333333333336