2 0.95078125 0.184375 0.0984375 0.18020833333333333
0 0.9234375 0.4010416666666667 0.153125 0.40208333333333335
0 0.81328125 0.09895833333333333 0.209375 0.19270833333333334
1 0.840625 0.4875 0.2140625 0.5854166666666667
0 0.7796875 0.8635416666666667 0.209375 0.27291666666666664
1 0.671875 0.7010416666666667 0.28359375 0.2125
0 0.68984375 0.47291666666666665 0.10390625 0.30416666666666664
2 0.6890625 0.19375 0.13046875 0.30833333333333335
0 0.5703125 0.29375 0.159375 0.32083333333333336
0 0.52109375 0.08125 0.13046875 0.15833333333333333
0 0.45234375 0.18020833333333333 0.1515625 0.26145833333333335
2 0.5390625 0.5708333333333333 0.16640625 0.23229166666666667
2 0.46796875 0.440625 0.06953125 0.26458333333333334
2 0.259375 0.1 0.159375 0.19479166666666667
0 0.3828125 0.371875 0.165625 0.2791666666666667
0 0.18125 0.2708333333333333 0.1484375 0.26458333333333334
0 0.415625 0.690625 0.140625 0.24479166666666666
0 0.53046875 0.8416666666666667 0.1890625 0.26666666666666666
1 0.18359375 0.815625 0.1109375 0.36770833333333336
1 0.29453125 0.7416666666666667 0.146875 0.446875
2 0.17734375 0.94375 0.1046875 0.1125
2 0.13046875 0.765625 0.08046875 0.25729166666666664
1 0.10703125 0.5947916666666667 0.15859375 0.30625
0 0.04921875 0.315625 0.09609375 0.23229166666666667