3 0.240625 0.5625 0.14453125 0.19270833333333334
3 0.2796875 0.80625 0.090625 0.13125
0 0.903125 0.8135416666666667 0.0515625 0.07604166666666666
0 0.60859375 0.9697916666666667 0.0484375 0.06041666666666667
0 0.390625 0.8708333333333333 0.0640625 0.12604166666666666
0 0.52734375 0.7177083333333333 0.04609375 0.08125
0 0.5953125 0.39895833333333336 0.04296875 0.07604166666666666
0 0.534375 0.44583333333333336 0.04296875 0.09583333333333334
0 0.51328125 0.3729166666666667 0.0375 0.07395833333333333
0 0.16796875 0.425 0.053125 0.08854166666666667
0 0.2609375 0.390625 0.05546875 0.09895833333333333