3 0.87890625 0.2760416666666667 0.05859375 0.09895833333333333
0 0.57890625 0.50625 0.0390625 0.09895833333333333
0 0.68984375 0.709375 0.0625 0.09166666666666666
0 0.7859375 0.23958333333333334 0.03359375 0.084375
0 0.67109375 0.278125 0.05 0.09583333333333334
0 0.47421875 0.3072916666666667 0.0484375 0.09583333333333334
0 0.4140625 0.31354166666666666 0.053125 0.084375
0 0.415625 0.684375 0.0890625 0.1625
3 0.84765625 0.5291666666666667 0.04609375 0.07604166666666666
3 0.88671875 0.8114583333333333 0.05390625 0.10625
3 0.6546875 0.8333333333333334 0.06796875 0.10104166666666667
3 0.628125 0.8989583333333333 0.046875 0.084375
3 0.609375 0.9708333333333333 0.028125 0.058333333333333334
3 0.503125 0.665625 0.0359375 0.07604166666666666
3 0.628125 0.5916666666666667 0.05390625 0.115625
3 0.609375 0.47291666666666665 0.0390625 0.046875
3 0.4953125 0.4552083333333333 0.07109375 0.09166666666666666
3 0.390625 0.46458333333333335 0.04296875 0.059375
3 0.2875 0.35104166666666664 0.046875 0.07916666666666666
3 0.1125 0.93125 0.05 0.09375
3 0.025 0.71875 0.046875 0.09375