1 0.890625 0.621875 0.15390625 0.2520833333333333
1 0.74921875 0.7833333333333333 0.0859375 0.43333333333333335
3 0.71640625 0.253125 0.078125 0.21458333333333332
3 0.709375 0.06875 0.06640625 0.08854166666666667
3 0.36875 0.6541666666666667 0.065625 0.10833333333333334
1 0.15703125 0.6614583333333334 0.10859375 0.13333333333333333
3 0.66953125 0.8177083333333334 0.121875 0.24166666666666667
3 0.325 0.284375 0.05546875 0.07395833333333333
3 0.30390625 0.3854166666666667 0.0609375 0.10416666666666667
3 0.3578125 0.38229166666666664 0.05703125 0.09375
0 0.465625 0.8020833333333334 0.1140625 0.20729166666666668
0 0.56015625 0.778125 0.07109375 0.12395833333333334
0 0.55390625 0.5947916666666667 0.078125 0.13854166666666667
0 0.44453125 0.5427083333333333 0.1140625 0.23229166666666667
0 0.27109375 0.7020833333333333 0.1390625 0.284375
0 0.16015625 0.9322916666666666 0.115625 0.13541666666666666