3 0.7546875 0.384375 0.140625 0.18020833333333333
2 0.45390625 0.15104166666666666 0.08046875 0.08854166666666667
2 0.3703125 0.10520833333333333 0.06796875 0.07604166666666666
0 0.7625 0.8927083333333333 0.18046875 0.21458333333333332
0 0.8484375 0.7854166666666667 0.1609375 0.29583333333333334
0 0.665625 0.625 0.14453125 0.2375
3 0.578125 0.5208333333333334 0.140625 0.18229166666666666
3 0.35078125 0.4979166666666667 0.134375 0.225
0 0.43984375 0.521875 0.1015625 0.16041666666666668
2 0.41640625 0.6604166666666667 0.146875 0.22916666666666666
1 0.3546875 0.896875 0.19375 0.20625
2 0.28046875 0.8479166666666667 0.128125 0.17083333333333334
2 0.284375 0.7322916666666667 0.10703125 0.17083333333333334
2 0.18671875 0.78125 0.1125 0.21979166666666666
1 0.165625 0.6333333333333333 0.1140625 0.08645833333333333
1 0.19453125 0.5979166666666667 0.15859375 0.128125
2 0.24765625 0.490625 0.09609375 0.13541666666666666
2 0.2109375 0.40520833333333334 0.128125 0.18229166666666666
2 0.215625 0.3072916666666667 0.10703125 0.10625
2 0.06796875 0.19166666666666668 0.075 0.08125
2 0.13046875 0.2375 0.128125 0.084375
0 0.11953125 0.2864583333333333 0.0890625 0.10833333333333334
1 0.0296875 0.36770833333333336 0.05703125 0.14791666666666667
1 0.09609375 0.40729166666666666 0.0890625 0.084375
2 0.11328125 0.46875 0.1234375 0.11354166666666667
0 0.053125 0.6447916666666667 0.1015625 0.33125
0 0.09453125 0.7822916666666667 0.153125 0.315625