0 0.7203125 0.18125 0.059375 0.115625
0 0.73125 0.35208333333333336 0.04296875 0.09166666666666666
0 0.17265625 0.32395833333333335 0.065625 0.07916666666666666
0 0.315625 0.4739583333333333 0.059375 0.10416666666666667
0 0.321875 0.6177083333333333 0.0640625 0.11354166666666667
0 0.38359375 0.5729166666666666 0.05859375 0.10416666666666667
0 0.49921875 0.646875 0.0734375 0.128125
0 0.29921875 0.7666666666666667 0.07890625 0.140625
0 0.228125 0.8822916666666667 0.09140625 0.17083333333333334
0 0.203125 0.7458333333333333 0.08359375 0.12395833333333334
0 0.1171875 0.725 0.090625 0.13125
0 0.028125 0.6927083333333334 0.053125 0.14583333333333334
3 0.06015625 0.8125 0.090625 0.09895833333333333