0 0.403125 0.18229166666666666 0.0375 0.07395833333333333
0 0.878125 0.921875 0.0890625 0.15104166666666666
0 0.4171875 0.5979166666666667 0.0625 0.11875
0 0.5109375 0.21979166666666666 0.046875 0.10416666666666667
0 0.64296875 0.03333333333333333 0.053125 0.06145833333333333
0 0.8828125 0.078125 0.0625 0.09166666666666666
0 0.25859375 0.234375 0.05 0.084375
0 0.25859375 0.14270833333333333 0.04140625 0.07395833333333333
0 0.1796875 0.428125 0.059375 0.09583333333333334
3 0.80390625 0.859375 0.06953125 0.10833333333333334
3 0.79765625 0.7177083333333333 0.065625 0.08645833333333333
3 0.18125 0.79375 0.059375 0.06666666666666667