2 0.46796875 0.06770833333333333 0.10546875 0.13125
2 0.81796875 0.2375 0.1640625 0.2375
2 0.925 0.38125 0.15 0.21979166666666666
2 0.9796875 0.5447916666666667 0.040625 0.26875
0 0.97109375 0.5385416666666667 0.0578125 0.28125
0 0.92890625 0.7875 0.14140625 0.425
2 0.8515625 0.8552083333333333 0.296875 0.28854166666666664
2 0.71796875 0.390625 0.1609375 0.24166666666666667
2 0.665625 0.5572916666666666 0.1765625 0.234375
1 0.48671875 0.253125 0.2375 0.14583333333333334
1 0.5171875 0.8697916666666666 0.140625 0.2604166666666667
2 0.61875 0.80625 0.2515625 0.3875
2 0.40859375 0.91875 0.121875 0.1625
2 0.36015625 0.5614583333333333 0.1484375 0.2
0 0.38046875 0.6510416666666666 0.23046875 0.446875
0 0.24453125 0.94375 0.2140625 0.1125
2 0.309375 0.8375 0.04140625 0.2125
1 0.24140625 0.7010416666666667 0.14140625 0.4739583333333333
0 0.14921875 0.759375 0.16796875 0.31875
0 0.04765625 0.725 0.09296875 0.23958333333333334