0 0.68515625 0.7822916666666667 0.09609375 0.1625
0 0.81640625 0.571875 0.1 0.15520833333333334
0 0.72109375 0.259375 0.05859375 0.10833333333333334
3 0.77109375 0.215625 0.03359375 0.06666666666666667
0 0.49921875 0.17916666666666667 0.059375 0.10104166666666667
0 0.35859375 0.484375 0.05546875 0.09895833333333333
3 0.58046875 0.026041666666666668 0.06640625 0.046875
3 0.44296875 0.39479166666666665 0.053125 0.06458333333333334
3 0.68046875 0.640625 0.05859375 0.10625
3 0.596875 0.28854166666666664 0.075 0.128125
3 0.63515625 0.22916666666666666 0.0515625 0.09895833333333333
3 0.9875 0.3729166666666667 0.025 0.059375
3 0.92265625 0.41458333333333336 0.07109375 0.09895833333333333
3 0.92890625 0.5125 0.05 0.071875
3 0.9703125 0.8208333333333333 0.059375 0.14583333333333334