1 0.66953125 0.2604166666666667 0.0640625 0.11145833333333334
2 0.05625 0.23229166666666667 0.04609375 0.07395833333333333
1 0.02734375 0.5447916666666667 0.0515625 0.15104166666666666
0 0.103125 0.32395833333333335 0.0625 0.09375
2 0.11484375 0.39375 0.03203125 0.09583333333333334
0 0.134375 0.1875 0.05859375 0.07916666666666666
2 0.16015625 0.23125 0.05390625 0.071875
0 0.10625 0.50625 0.07890625 0.13854166666666667
1 0.1609375 0.37916666666666665 0.08359375 0.25416666666666665
2 0.225 0.48541666666666666 0.08359375 0.13125
2 0.21484375 0.40208333333333335 0.065625 0.10416666666666667
2 0.22265625 0.32916666666666666 0.05703125 0.071875
0 0.2078125 0.17916666666666667 0.065625 0.10104166666666667
0 0.3015625 0.19270833333333334 0.078125 0.128125
0 0.24140625 0.278125 0.0609375 0.09583333333333334
1 0.3125 0.246875 0.08046875 0.07395833333333333
0 0.384375 0.2625 0.0625 0.11145833333333334
0 0.32265625 0.68125 0.09609375 0.16770833333333332
0 0.4078125 0.6864583333333333 0.09609375 0.178125
0 0.39765625 0.5541666666666667 0.0875 0.165625
0 0.45078125 0.4864583333333333 0.0984375 0.1875
1 0.328125 0.41458333333333336 0.1265625 0.1875
2 0.40234375 0.228125 0.059375 0.11145833333333334
2 0.34296875 0.3614583333333333 0.071875 0.08645833333333333
2 0.40390625 0.3614583333333333 0.103125 0.115625
2 0.41171875 0.440625 0.07890625 0.115625
2 0.47265625 0.334375 0.0734375 0.09583333333333334
2 0.53125 0.29375 0.0765625 0.12395833333333334
1 0.49765625 0.21354166666666666 0.0875 0.10104166666666667
0 0.5328125 0.46041666666666664 0.09296875 0.175
2 0.5875 0.3625 0.078125 0.10416666666666667
2 0.5671875 0.48125 0.05390625 0.16770833333333332
1 0.62890625 0.40520833333333334 0.1140625 0.11875
2 0.62734375 0.53125 0.10703125 0.15833333333333333
2 0.66328125 0.44479166666666664 0.0875 0.09895833333333333
0 0.68828125 0.6239583333333333 0.12890625 0.209375
0 0.76640625 0.5135416666666667 0.11640625 0.153125
0 0.740625 0.41875 0.109375 0.13541666666666666
0 0.75 0.33229166666666665 0.103125 0.12604166666666666
1 0.84609375 0.5177083333333333 0.08046875 0.284375
2 0.85625 0.3854166666666667 0.115625 0.128125
1 0.66640625 0.125 0.1140625 0.140625
0 0.77265625 0.052083333333333336 0.06796875 0.09375
2 0.734375 0.16145833333333334 0.09609375 0.12604166666666666
2 0.7734375 0.20729166666666668 0.08046875 0.13854166666666667
0 0.82109375 0.16145833333333334 0.05859375 0.08645833333333333
1 0.84609375 0.2552083333333333 0.09453125 0.140625
1 0.89609375 0.240625 0.075 0.13125
1 0.93984375 0.246875 0.06796875 0.14791666666666667
1 0.9796875 0.20416666666666666 0.040625 0.09583333333333334
1 0.95390625 0.359375 0.09140625 0.12604166666666666
1 0.96953125 0.5020833333333333 0.0609375 0.140625
1 0.26640625 0.8510416666666667 0.103125 0.12083333333333333
1 0.55859375 0.7239583333333334 0.225 0.14791666666666667
1 0.68984375 0.9041666666666667 0.1234375 0.19166666666666668
1 0.484375 0.86875 0.1109375 0.26145833333333335
2 0.484375 0.8145833333333333 0.11640625 0.19270833333333334
2 0.92421875 0.06458333333333334 0.11796875 0.12395833333333334