1 0.140625 0.6625 0.1375 0.21458333333333332
1 0.265625 0.825 0.1734375 0.18229166666666666
0 0.775 0.18854166666666666 0.06953125 0.115625
0 0.75546875 0.11458333333333333 0.0609375 0.11145833333333334
0 0.78515625 0.07083333333333333 0.04609375 0.10104166666666667
1 0.39765625 0.871875 0.05390625 0.178125
3 0.25390625 0.42916666666666664 0.10859375 0.221875
0 0.41640625 0.5416666666666666 0.10859375 0.19479166666666667
0 0.346875 0.6447916666666667 0.1015625 0.17291666666666666
0 0.328125 0.4791666666666667 0.09140625 0.14270833333333333
0 0.3546875 0.32083333333333336 0.10703125 0.19270833333333334
0 0.1265625 0.45208333333333334 0.0890625 0.14270833333333333
0 0.09453125 0.2791666666666667 0.15 0.18229166666666666
0 0.034375 0.36770833333333336 0.06640625 0.2125
3 0.584375 0.38229166666666664 0.0609375 0.153125
0 0.8484375 0.553125 0.04453125 0.07916666666666666