3 0.478125 0.8791666666666667 0.046875 0.10416666666666667
0 0.909375 0.051041666666666666 0.07109375 0.09583333333333334
0 0.753125 0.2 0.046875 0.07916666666666666
0 0.775 0.32708333333333334 0.0609375 0.09583333333333334
3 0.66953125 0.4083333333333333 0.05 0.09166666666666666
3 0.790625 0.5927083333333333 0.059375 0.10416666666666667
3 0.87578125 0.5864583333333333 0.0765625 0.12083333333333333
3 0.75625 0.8760416666666667 0.08203125 0.14791666666666667
3 0.678125 0.7677083333333333 0.05859375 0.128125
0 0.60234375 0.7885416666666667 0.0484375 0.09583333333333334
0 0.55234375 0.715625 0.04296875 0.09895833333333333
0 0.09921875 0.784375 0.065625 0.10625