0 0.26640625 0.934375 0.10859375 0.13125
1 0.271875 0.8041666666666667 0.10859375 0.19479166666666667
2 0.378125 0.9229166666666667 0.121875 0.15416666666666667
0 0.484375 0.9072916666666667 0.1234375 0.18541666666666667
0 0.5265625 0.7645833333333333 0.1 0.19479166666666667
0 0.4390625 0.7864583333333334 0.0859375 0.2
0 0.33984375 0.775 0.07109375 0.14270833333333333
0 0.27578125 0.678125 0.05703125 0.13541666666666666
1 0.31484375 0.6927083333333334 0.0765625 0.2
2 0.39609375 0.634375 0.09140625 0.1875
0 0.353125 0.4739583333333333 0.09140625 0.18229166666666666
0 0.38671875 0.3572916666666667 0.08203125 0.12604166666666666
0 0.4640625 0.56875 0.10859375 0.190625
0 0.58046875 0.5708333333333333 0.103125 0.19270833333333334
0 0.665625 0.4395833333333333 0.13046875 0.221875
1 0.396875 0.22083333333333333 0.04140625 0.17083333333333334
0 0.446875 0.22083333333333333 0.08203125 0.14583333333333334
0 0.41328125 0.071875 0.059375 0.13854166666666667
0 0.5125 0.03854166666666667 0.09140625 0.071875
1 0.45234375 0.08125 0.05390625 0.13854166666666667
1 0.471875 0.36875 0.09453125 0.190625
1 0.5734375 0.2625 0.1390625 0.11145833333333334
2 0.51953125 0.23854166666666668 0.09453125 0.190625
2 0.69296875 0.3145833333333333 0.128125 0.165625
2 0.5765625 0.13229166666666667 0.08359375 0.16041666666666668
1 0.60390625 0.125 0.1 0.225
0 0.69140625 0.090625 0.11953125 0.175
0 0.8203125 0.21875 0.14609375 0.24895833333333334
2 0.7625 0.546875 0.153125 0.26458333333333334