0 0.84375 0.5666666666666667 0.14296875 0.26875
0 0.5328125 0.8708333333333333 0.134375 0.24895833333333334
3 0.490625 0.615625 0.078125 0.10104166666666667
3 0.9765625 0.95625 0.046875 0.0875
3 0.425 0.51875 0.0609375 0.06458333333333334
3 0.309375 0.6020833333333333 0.04296875 0.06458333333333334
0 0.2546875 0.778125 0.05390625 0.10833333333333334
0 0.13359375 0.7885416666666667 0.078125 0.12083333333333333
0 0.14765625 0.6385416666666667 0.0515625 0.08125
0 0.55625 0.325 0.05703125 0.09583333333333334
0 0.63359375 0.20833333333333334 0.04453125 0.07604166666666666