3 0.18125 0.765625 0.065625 0.10416666666666667
0 0.32265625 0.13229166666666667 0.040625 0.06666666666666667
0 0.33828125 0.265625 0.0515625 0.08125
0 0.44609375 0.09166666666666666 0.05 0.07395833333333333
0 0.59453125 0.0875 0.04453125 0.071875
0 0.428125 0.33541666666666664 0.04609375 0.08854166666666667
0 0.56171875 0.38645833333333335 0.0515625 0.08125
0 0.746875 0.521875 0.04140625 0.071875
0 0.6640625 0.6447916666666667 0.04140625 0.06875
0 0.44296875 0.8916666666666667 0.05546875 0.12395833333333334
3 0.68515625 0.4791666666666667 0.0484375 0.09895833333333333
3 0.51171875 0.33125 0.065625 0.08854166666666667
3 0.684375 0.9270833333333334 0.05859375 0.08645833333333333
0 0.740625 0.8791666666666667 0.075 0.10833333333333334
1 0.86171875 0.8958333333333334 0.13203125 0.11875