3 0.86015625 0.171875 0.090625 0.12604166666666666
0 0.74765625 0.20833333333333334 0.05390625 0.08125
0 0.73828125 0.7989583333333333 0.05703125 0.10104166666666667
0 0.6625 0.721875 0.0640625 0.115625
0 0.540625 0.5854166666666667 0.04296875 0.06458333333333334
0 0.4828125 0.6041666666666666 0.04609375 0.08125
0 0.490625 0.48125 0.034375 0.05416666666666667
0 0.45625 0.509375 0.04296875 0.071875
0 0.440625 0.6479166666666667 0.040625 0.07604166666666666
0 0.4046875 0.6114583333333333 0.040625 0.07604166666666666
0 0.4078125 0.7197916666666667 0.04296875 0.071875
0 0.28125 0.9010416666666666 0.0484375 0.07916666666666666
0 0.334375 0.4739583333333333 0.04453125 0.084375
0 0.30703125 0.6395833333333333 0.046875 0.07916666666666666
3 0.453125 0.7947916666666667 0.078125 0.12395833333333334
0 0.55625 0.14166666666666666 0.05390625 0.09166666666666666