1 0.765625 0.484375 0.1140625 0.1875
1 0.65390625 0.7927083333333333 0.053125 0.10416666666666667
1 0.54453125 0.7177083333333333 0.09140625 0.11145833333333334
0 0.9625 0.23333333333333334 0.053125 0.10104166666666667
0 0.03125 0.13958333333333334 0.059375 0.11145833333333334
0 0.69296875 0.03333333333333333 0.078125 0.06145833333333333
0 0.80859375 0.18125 0.075 0.13125
3 0.09375 0.46145833333333336 0.0765625 0.10416666666666667
3 0.20234375 0.415625 0.0875 0.10104166666666667
3 0.353125 0.521875 0.06953125 0.07604166666666666
3 0.26640625 0.6291666666666667 0.08359375 0.09895833333333333
3 0.440625 0.559375 0.075 0.115625
3 0.6859375 0.4708333333333333 0.09140625 0.18541666666666667
0 0.56875 0.8947916666666667 0.084375 0.17083333333333334
3 0.48515625 0.9270833333333334 0.0765625 0.14583333333333334
3 0.39765625 0.9520833333333333 0.10703125 0.09583333333333334