0 0.5453125 0.49895833333333334 0.04296875 0.10416666666666667
3 0.36328125 0.49583333333333335 0.0515625 0.07916666666666666
3 0.5640625 0.384375 0.05 0.13125
3 0.84609375 0.221875 0.0859375 0.10416666666666667
3 0.940625 0.315625 0.09453125 0.128125
3 0.60859375 0.7072916666666667 0.06953125 0.13125
3 0.4328125 0.9625 0.090625 0.07395833333333333
0 0.23828125 0.4864583333333333 0.08203125 0.153125
0 0.1421875 0.215625 0.0765625 0.115625
0 0.215625 0.13541666666666666 0.0734375 0.08854166666666667
0 0.3421875 0.29375 0.0625 0.13333333333333333
0 0.46796875 0.09895833333333333 0.06640625 0.11354166666666667
0 0.628125 0.225 0.0765625 0.13854166666666667
0 0.734375 0.5354166666666667 0.1 0.1625
0 0.76484375 0.9333333333333333 0.1234375 0.13333333333333333
0 0.74140625 0.027083333333333334 0.053125 0.04895833333333333