3 0.9546875 0.228125 0.090625 0.14583333333333334
2 0.9265625 0.8739583333333333 0.146875 0.24791666666666667
1 0.93359375 0.5572916666666666 0.11953125 0.18541666666666667
0 0.865625 0.2677083333333333 0.0890625 0.10625
2 0.9046875 0.37604166666666666 0.1265625 0.16041666666666668
2 0.85 0.546875 0.121875 0.18020833333333333
2 0.78828125 0.4552083333333333 0.090625 0.13541666666666666
2 0.74609375 0.49895833333333334 0.0609375 0.14791666666666667
1 0.690625 0.3885416666666667 0.128125 0.13541666666666666
3 0.7671875 0.271875 0.1234375 0.153125
2 0.68984375 0.28854166666666664 0.07109375 0.10833333333333334
2 0.64296875 0.22604166666666667 0.103125 0.165625
2 0.58203125 0.1625 0.05546875 0.08854166666666667
0 0.68828125 0.5114583333333333 0.10390625 0.17291666666666666
0 0.609375 0.459375 0.09140625 0.17291666666666666
0 0.578125 0.3875 0.078125 0.12395833333333334
2 0.57578125 0.30104166666666665 0.07109375 0.08854166666666667
1 0.5234375 0.26666666666666666 0.071875 0.06875
2 0.51640625 0.346875 0.06953125 0.10104166666666667
2 0.51171875 0.4552083333333333 0.0875 0.13541666666666666
2 0.465625 0.5427083333333333 0.06640625 0.178125
3 0.8046875 0.70625 0.22109375 0.30104166666666665
1 0.68046875 0.7520833333333333 0.21640625 0.30833333333333335
1 0.5796875 0.6947916666666667 0.134375 0.225
1 0.5296875 0.784375 0.165625 0.175
2 0.634375 0.90625 0.10546875 0.1875
0 0.540625 0.89375 0.1 0.2125
0 0.371875 0.7041666666666667 0.0984375 0.17291666666666666
1 0.23203125 0.859375 0.1640625 0.19270833333333334
1 0.19765625 0.5854166666666667 0.1265625 0.20729166666666668
1 0.140625 0.7020833333333333 0.096875 0.18541666666666667
2 0.21875 0.6614583333333334 0.10703125 0.13333333333333333
1 0.27421875 0.5385416666666667 0.1875 0.13333333333333333
1 0.42421875 0.49583333333333335 0.09609375 0.22708333333333333
1 0.35390625 0.42604166666666665 0.1140625 0.10104166666666667
1 0.35234375 0.31979166666666664 0.07890625 0.07604166666666666
0 0.44375 0.328125 0.08203125 0.11875
0 0.51796875 0.16770833333333332 0.06953125 0.11354166666666667
2 0.4953125 0.10625 0.0625 0.06458333333333334
1 0.4796875 0.07083333333333333 0.059375 0.07604166666666666
2 0.45078125 0.040625 0.065625 0.07604166666666666
2 0.41171875 0.10833333333333334 0.0625 0.084375
2 0.3515625 0.121875 0.0609375 0.11145833333333334
1 0.4296875 0.209375 0.0984375 0.11354166666666667
2 0.3109375 0.2375 0.071875 0.07395833333333333
1 0.2609375 0.20416666666666666 0.096875 0.08125
1 0.27734375 0.3 0.07109375 0.09583333333333334
1 0.24140625 0.33541666666666664 0.04140625 0.1625
2 0.196875 0.3 0.09296875 0.12604166666666666