3 0.834375 0.33541666666666664 0.03359375 0.04895833333333333
3 0.85703125 0.42604166666666665 0.04140625 0.071875
0 0.34140625 0.6927083333333334 0.0390625 0.057291666666666664
0 0.34296875 0.8020833333333334 0.053125 0.10416666666666667
0 0.89453125 0.7197916666666667 0.0640625 0.10625
0 0.87265625 0.6125 0.05703125 0.10416666666666667
0 0.571875 0.4354166666666667 0.0375 0.071875
0 0.45234375 0.4947916666666667 0.05703125 0.10625
0 0.290625 0.5291666666666667 0.04140625 0.071875
0 0.209375 0.5760416666666667 0.06953125 0.10104166666666667
0 0.128125 0.5885416666666666 0.08203125 0.10625
3 0.809375 0.840625 0.0625 0.10625
3 0.63515625 0.7572916666666667 0.0484375 0.09166666666666666
3 0.40859375 0.890625 0.06953125 0.140625
3 0.38828125 0.7333333333333333 0.040625 0.059375
3 0.22265625 0.78125 0.09296875 0.12604166666666666
3 0.06484375 0.8333333333333334 0.06796875 0.08125