3 0.8421875 0.4270833333333333 0.06796875 0.11875
3 0.78984375 0.44166666666666665 0.065625 0.10416666666666667
3 0.6 0.6239583333333333 0.05546875 0.071875
3 0.34609375 0.8458333333333333 0.046875 0.07604166666666666
3 0.175 0.9739583333333334 0.06953125 0.052083333333333336
0 0.5796875 0.5333333333333333 0.05390625 0.084375
0 0.421875 0.521875 0.053125 0.08645833333333333
0 0.54609375 0.9427083333333334 0.08046875 0.11354166666666667
0 0.384375 0.8375 0.0390625 0.10416666666666667
0 0.3875 0.7427083333333333 0.04140625 0.084375
0 0.25625 0.5489583333333333 0.04296875 0.06145833333333333
0 0.0921875 0.5270833333333333 0.059375 0.071875
0 0.15546875 0.709375 0.071875 0.09166666666666666
0 0.875 0.13125 0.1 0.16770833333333332
0 0.703125 0.540625 0.06796875 0.12395833333333334