0 0.87578125 0.9364583333333333 0.1546875 0.12708333333333333
1 0.93046875 0.7114583333333333 0.1390625 0.29583333333333334
1 0.8046875 0.8677083333333333 0.1375 0.26458333333333334
1 0.725 0.7854166666666667 0.1109375 0.42916666666666664
1 0.90078125 0.3020833333333333 0.1984375 0.24479166666666666
0 0.8328125 0.03854166666666667 0.0875 0.071875
0 0.909375 0.4625 0.14453125 0.13541666666666666
0 0.82734375 0.63125 0.140625 0.24895833333333334
0 0.7765625 0.35104166666666664 0.0859375 0.16770833333333332
0 0.6921875 0.30416666666666664 0.1015625 0.15833333333333333
1 0.7953125 0.10416666666666667 0.140625 0.13333333333333333
0 0.64140625 0.06770833333333333 0.0859375 0.13125
0 0.58046875 0.153125 0.096875 0.153125
0 0.571875 0.2864583333333333 0.10546875 0.18229166666666666
0 0.5484375 0.4552083333333333 0.1140625 0.18541666666666667
2 0.70859375 0.42916666666666664 0.075 0.11354166666666667
2 0.634375 0.41770833333333335 0.08046875 0.18229166666666666
2 0.58671875 0.5625 0.1015625 0.11875
0 0.64765625 0.69375 0.134375 0.21770833333333334
0 0.59921875 0.853125 0.14609375 0.27395833333333336
0 0.48359375 0.7708333333333334 0.11640625 0.26666666666666666
0 0.396875 0.6510416666666666 0.14140625 0.209375
1 0.459375 0.4010416666666667 0.06640625 0.24895833333333334
0 0.409375 0.284375 0.103125 0.178125
1 0.43125 0.058333333333333334 0.140625 0.11145833333333334
1 0.353125 0.415625 0.196875 0.2
1 0.34375 0.534375 0.18203125 0.2
1 0.31484375 0.4479166666666667 0.2125 0.12083333333333333
1 0.178125 0.4395833333333333 0.1109375 0.21770833333333334
1 0.1484375 0.2791666666666667 0.153125 0.10833333333333334
0 0.290625 0.8260416666666667 0.13203125 0.2791666666666667
0 0.3640625 0.928125 0.15 0.14270833333333333
0 0.0640625 0.37916666666666665 0.11640625 0.17083333333333334
0 0.059375 0.5135416666666667 0.115625 0.19270833333333334
0 0.07578125 0.890625 0.1328125 0.21875
1 0.18671875 0.89375 0.1625 0.2125
1 0.040625 0.7333333333333333 0.0765625 0.13854166666666667
1 0.17265625 0.7458333333333333 0.1375 0.14791666666666667