0 0.4421875 0.023958333333333335 0.0625 0.041666666666666664
0 0.53515625 0.21979166666666666 0.0625 0.09895833333333333
0 0.4421875 0.728125 0.0765625 0.128125
0 0.25625 0.81875 0.0875 0.15104166666666666
0 0.33046875 0.3614583333333333 0.05859375 0.09583333333333334
0 0.19453125 0.3125 0.075 0.11145833333333334
3 0.6234375 0.39166666666666666 0.046875 0.071875
1 0.5765625 0.3489583333333333 0.06640625 0.14583333333333334
1 0.14296875 0.88125 0.078125 0.2375
3 0.3140625 0.48854166666666665 0.05859375 0.09375
3 0.27421875 0.6208333333333333 0.0625 0.115625
3 0.34765625 0.8197916666666667 0.06796875 0.11354166666666667
3 0.6890625 0.22916666666666666 0.0609375 0.084375
3 0.59765625 0.7708333333333334 0.0625 0.07395833333333333
3 0.50234375 0.9520833333333333 0.084375 0.09583333333333334