3 0.47734375 0.93125 0.0515625 0.10416666666666667
0 0.63359375 0.4947916666666667 0.071875 0.13125
0 0.6796875 0.221875 0.0484375 0.084375
0 0.46328125 0.05520833333333333 0.0484375 0.07604166666666666
0 0.48828125 0.23333333333333334 0.065625 0.12604166666666666
0 0.365625 0.24895833333333334 0.04609375 0.07395833333333333
0 0.334375 0.14166666666666666 0.06796875 0.10625
0 0.284375 0.21875 0.0640625 0.12604166666666666
3 0.79765625 0.8947916666666667 0.0484375 0.10104166666666667
3 0.33828125 0.6677083333333333 0.06796875 0.12604166666666666
3 0.021875 0.8854166666666666 0.04140625 0.12604166666666666