0 0.13515625 0.58125 0.04609375 0.08125
3 0.06875 0.6270833333333333 0.065625 0.06458333333333334
0 0.14765625 0.3875 0.05703125 0.07916666666666666
0 0.27265625 0.6677083333333333 0.06796875 0.10625
3 0.39375 0.19791666666666666 0.0484375 0.06875
0 0.353125 0.290625 0.046875 0.08645833333333333
3 0.6078125 0.20625 0.059375 0.10104166666666667
3 0.52109375 0.6177083333333333 0.0609375 0.09375
3 0.640625 0.8177083333333334 0.090625 0.10416666666666667
3 0.5765625 0.9333333333333333 0.0609375 0.09375
0 0.29453125 0.35104166666666664 0.053125 0.06458333333333334