0 0.575 0.4 0.046875 0.07395833333333333
3 0.75 0.2708333333333333 0.053125 0.09166666666666666
3 0.91171875 0.853125 0.1015625 0.16041666666666668
3 0.59609375 0.48125 0.053125 0.07916666666666666
3 0.36796875 0.678125 0.04140625 0.057291666666666664
3 0.31171875 0.871875 0.05703125 0.09375
3 0.2265625 0.8125 0.0609375 0.08854166666666667
0 0.27421875 0.46458333333333335 0.04296875 0.05416666666666667
0 0.12578125 0.46145833333333336 0.05703125 0.05416666666666667
0 0.196875 0.6041666666666666 0.05859375 0.08125
0 0.68046875 0.36666666666666664 0.05 0.10104166666666667
0 0.42421875 0.41770833333333335 0.04609375 0.06458333333333334
0 0.40234375 0.6083333333333333 0.0375 0.071875
0 0.40390625 0.684375 0.0359375 0.06875
0 0.5484375 0.7645833333333333 0.071875 0.12083333333333333
0 0.490625 0.878125 0.059375 0.09583333333333334
0 0.3140625 0.953125 0.09453125 0.09375