0 0.584375 0.14791666666666667 0.084375 0.128125
2 0.03359375 0.24166666666666667 0.0640625 0.1625
2 0.1 0.184375 0.09453125 0.13125
1 0.05625 0.9197916666666667 0.10703125 0.16041666666666668
2 0.171875 0.90625 0.153125 0.1875
1 0.22890625 0.94375 0.2046875 0.1125
1 0.140625 0.759375 0.18046875 0.21979166666666666
1 0.19921875 0.678125 0.15390625 0.234375
2 0.2859375 0.73125 0.13359375 0.2520833333333333
0 0.409375 0.8604166666666667 0.228125 0.2791666666666667
0 0.46875 0.66875 0.134375 0.23229166666666667
0 0.39765625 0.6052083333333333 0.134375 0.2375
0 0.70703125 0.846875 0.18046875 0.30625
1 0.8484375 0.846875 0.175 0.30625
1 0.8515625 0.553125 0.23046875 0.3802083333333333
1 0.6359375 0.7 0.25546875 0.24895833333333334
0 0.7109375 0.49270833333333336 0.16640625 0.26875
0 0.3671875 0.4270833333333333 0.115625 0.18229166666666666
1 0.584375 0.56875 0.15390625 0.2
0 0.51640625 0.44895833333333335 0.11640625 0.2125
1 0.528125 0.4322916666666667 0.19296875 0.1625
2 0.71015625 0.30625 0.1375 0.17291666666666666
2 0.8484375 0.2520833333333333 0.1390625 0.1625
1 0.440625 0.3854166666666667 0.0734375 0.2520833333333333
1 0.35 0.259375 0.04453125 0.15833333333333333
0 0.3953125 0.21770833333333334 0.084375 0.1625
0 0.44375 0.18020833333333333 0.1015625 0.13854166666666667
0 0.51015625 0.25416666666666665 0.0984375 0.1625
0 0.6046875 0.2625 0.10703125 0.21458333333333332
0 0.671875 0.18229166666666666 0.09609375 0.1625
0 0.78125 0.140625 0.07890625 0.11354166666666667
2 0.578125 0.11770833333333333 0.1015625 0.13541666666666666
1 0.421875 0.10208333333333333 0.06640625 0.09166666666666666
0 0.44453125 0.05520833333333333 0.096875 0.10625
0 0.5359375 0.058333333333333334 0.08359375 0.11145833333333334
1 0.86171875 0.15416666666666667 0.1015625 0.16041666666666668
0 0.89453125 0.04895833333333333 0.09453125 0.09375
1 0.96484375 0.058333333333333334 0.06796875 0.11145833333333334