0 0.1203125 0.4479166666666667 0.0515625 0.071875
0 0.22734375 0.6322916666666667 0.08203125 0.12395833333333334
1 0.6640625 0.4322916666666667 0.09140625 0.08854166666666667
1 0.6640625 0.36041666666666666 0.09140625 0.06875
1 0.759375 0.09791666666666667 0.096875 0.190625
1 0.6921875 0.7010416666666667 0.059375 0.18229166666666666
1 0.7296875 0.79375 0.1265625 0.16041666666666668
3 0.471875 0.33958333333333335 0.0484375 0.06666666666666667
3 0.81953125 0.42916666666666664 0.071875 0.09895833333333333
3 0.8328125 0.3333333333333333 0.090625 0.09895833333333333
3 0.8953125 0.9010416666666666 0.1125 0.19791666666666666