1 0.52421875 0.475 0.05390625 0.08645833333333333
1 0.4359375 0.5270833333333333 0.05 0.13541666666666666
0 0.484375 0.48854166666666665 0.0515625 0.09375
0 0.496875 0.6572916666666667 0.05546875 0.12395833333333334
0 0.546875 0.6864583333333333 0.0640625 0.10833333333333334
2 0.5296875 0.590625 0.0515625 0.07395833333333333
2 0.578125 0.5947916666666667 0.0609375 0.08854166666666667
2 0.56640625 0.7197916666666667 0.05859375 0.10625
2 0.603125 0.6677083333333333 0.0515625 0.08645833333333333
2 0.62578125 0.6208333333333333 0.059375 0.06666666666666667
2 0.60546875 0.7885416666666667 0.078125 0.10104166666666667
2 0.646875 0.746875 0.05390625 0.071875
1 0.6234375 0.7041666666666667 0.0640625 0.07916666666666666
0 0.7171875 0.7177083333333333 0.0625 0.09583333333333334
1 0.803125 0.7322916666666667 0.06640625 0.115625
0 0.63671875 0.8729166666666667 0.0765625 0.140625
0 0.7 0.7604166666666666 0.06953125 0.10833333333333334
1 0.68125 0.8270833333333333 0.07109375 0.06458333333333334
0 0.75390625 0.8510416666666667 0.08046875 0.13125
2 0.63671875 0.428125 0.05390625 0.06666666666666667
0 0.7734375 0.5510416666666667 0.04453125 0.11354166666666667
2 0.68671875 0.6447916666666667 0.05703125 0.09375
2 0.74765625 0.6541666666666667 0.06796875 0.09375
2 0.78125 0.7979166666666667 0.07890625 0.09375
2 0.865625 0.609375 0.06953125 0.09375
2 0.884375 0.8145833333333333 0.08046875 0.09895833333333333
2 0.9625 0.865625 0.075 0.12604166666666666
1 0.77109375 0.946875 0.0859375 0.10625