1 0.06640625 0.26666666666666666 0.13046875 0.13333333333333333
0 0.10859375 0.7520833333333333 0.146875 0.20520833333333333
0 0.0890625 0.9145833333333333 0.15 0.17083333333333334
0 0.08046875 0.5239583333333333 0.128125 0.19270833333333334
0 0.1828125 0.5447916666666667 0.115625 0.19479166666666667
0 0.253125 0.6916666666666667 0.13046875 0.2375
0 0.24296875 0.90625 0.125 0.1875
2 0.34296875 0.7875 0.125 0.23229166666666667
0 0.33046875 0.5541666666666667 0.10546875 0.16041666666666668
0 0.290625 0.421875 0.103125 0.15833333333333333
0 0.240625 0.32916666666666666 0.10390625 0.175
0 0.33984375 0.309375 0.08203125 0.15520833333333334
0 0.36796875 0.23854166666666668 0.0890625 0.14583333333333334
0 0.41640625 0.3875 0.0859375 0.16770833333333332
0 0.4640625 0.11354166666666667 0.0859375 0.14270833333333333
0 0.503125 0.209375 0.09140625 0.13854166666666667
0 0.51796875 0.30416666666666664 0.09140625 0.15833333333333333
0 0.4984375 0.46458333333333335 0.103125 0.18229166666666666
0 0.4328125 0.59375 0.10703125 0.18541666666666667
0 0.44140625 0.8625 0.128125 0.259375
0 0.56953125 0.86875 0.121875 0.23229166666666667
0 0.603125 0.3614583333333333 0.0984375 0.15520833333333334
0 0.6078125 0.49375 0.10390625 0.1625
0 0.596875 0.6510416666666666 0.10703125 0.18020833333333333
0 0.70078125 0.7447916666666666 0.134375 0.23958333333333334