0 0.15703125 0.9125 0.0640625 0.115625
0 0.49609375 0.153125 0.05 0.08854166666666667
3 0.4734375 0.915625 0.06953125 0.10416666666666667
3 0.4953125 0.440625 0.07890625 0.13541666666666666
3 0.30703125 0.37395833333333334 0.05546875 0.071875
3 0.215625 0.5479166666666667 0.0875 0.128125
3 0.68671875 0.3385416666666667 0.0625 0.09895833333333333
3 0.73828125 0.46145833333333336 0.034375 0.06458333333333334
3 0.6359375 0.5197916666666667 0.0390625 0.052083333333333336
0 0.378125 0.11979166666666667 0.046875 0.071875
0 0.84140625 0.91875 0.08359375 0.12395833333333334
3 0.95859375 0.8864583333333333 0.05859375 0.06458333333333334
3 0.84140625 0.33541666666666664 0.0609375 0.07916666666666666