0 0.86640625 0.052083333333333336 0.078125 0.09895833333333333
3 0.090625 0.7604166666666666 0.084375 0.13333333333333333
3 0.56015625 0.1375 0.0515625 0.09166666666666666
3 0.72265625 0.08229166666666667 0.090625 0.10625
0 0.540625 0.959375 0.075 0.08125
0 0.96015625 0.2604166666666667 0.07890625 0.10625
0 0.62890625 0.10520833333333333 0.078125 0.12083333333333333
0 0.546875 0.04479166666666667 0.053125 0.084375
0 0.3703125 0.5520833333333334 0.0515625 0.071875
3 0.94921875 0.6677083333333333 0.0875 0.14583333333333334
3 0.57421875 0.471875 0.05390625 0.09895833333333333