0 0.04453125 0.828125 0.0859375 0.26875
2 0.053125 0.509375 0.103125 0.165625
2 0.27109375 0.9541666666666667 0.071875 0.09166666666666666
0 0.15 0.63125 0.15546875 0.22916666666666666
0 0.175 0.8239583333333333 0.16640625 0.19479166666666667
0 0.2625 0.6927083333333334 0.1359375 0.190625
0 0.503125 0.8072916666666666 0.19140625 0.33125
1 0.3640625 0.9125 0.1359375 0.175
1 0.34921875 0.8177083333333334 0.134375 0.21770833333333334
0 0.25859375 0.475 0.13359375 0.20520833333333333
0 0.19921875 0.29583333333333334 0.13203125 0.19791666666666666
1 0.2390625 0.2 0.15 0.1625
1 0.053125 0.2375 0.10390625 0.09895833333333333
1 0.39140625 0.5291666666666667 0.18046875 0.190625
0 0.3640625 0.3625 0.1109375 0.2125
0 0.3421875 0.14791666666666667 0.10703125 0.23229166666666667
2 0.45234375 0.28854166666666664 0.09296875 0.1875
1 0.4484375 0.13541666666666666 0.19453125 0.25729166666666664
1 0.659375 0.8125 0.146875 0.375
1 0.77734375 0.734375 0.20703125 0.41770833333333335
1 0.59765625 0.509375 0.07890625 0.40208333333333335
0 0.5171875 0.39895833333333336 0.115625 0.225
0 0.65859375 0.5083333333333333 0.075 0.21770833333333334
1 0.675 0.07395833333333333 0.153125 0.13854166666666667
2 0.6703125 0.18645833333333334 0.12890625 0.22916666666666666
1 0.56796875 0.21979166666666666 0.08046875 0.2375
0 0.7484375 0.19583333333333333 0.078125 0.26875
0 0.71015625 0.37916666666666665 0.17890625 0.15520833333333334
0 0.834375 0.465625 0.1234375 0.225
1 0.890625 0.41458333333333336 0.146875 0.528125
1 0.89453125 0.7458333333333333 0.2109375 0.19791666666666666
1 0.9484375 0.8854166666666666 0.103125 0.18541666666666667
1 0.91328125 0.09166666666666666 0.1734375 0.178125
0 0.9375 0.22708333333333333 0.09453125 0.21770833333333334
1 0.97578125 0.4864583333333333 0.0484375 0.33125