1 0.409375 0.5072916666666667 0.09609375 0.06666666666666667
0 0.0140625 0.17083333333333334 0.025 0.11875
0 0.18515625 0.19166666666666668 0.0484375 0.10104166666666667
0 0.39765625 0.09166666666666666 0.04609375 0.084375
0 0.57109375 0.175 0.04140625 0.06875
0 0.4953125 0.325 0.040625 0.09166666666666666
0 0.440625 0.33541666666666664 0.06640625 0.10416666666666667
0 0.4546875 0.4239583333333333 0.0484375 0.08125
0 0.32734375 0.46770833333333334 0.059375 0.10625
0 0.296875 0.4 0.059375 0.10416666666666667
0 0.553125 0.8052083333333333 0.06796875 0.09895833333333333