1 0.6796875 0.328125 0.0625 0.17291666666666666
1 0.590625 0.5989583333333334 0.0625 0.225
0 0.775 0.13958333333333334 0.05859375 0.09583333333333334
0 0.70703125 0.11458333333333333 0.053125 0.09583333333333334
0 0.63671875 0.09583333333333334 0.0625 0.10416666666666667
0 0.559375 0.10833333333333334 0.0625 0.12395833333333334
0 0.559375 0.228125 0.071875 0.12604166666666666
0 0.46171875 0.35833333333333334 0.084375 0.13333333333333333
0 0.2015625 0.8395833333333333 0.08046875 0.13854166666666667
0 0.3265625 0.9697916666666667 0.078125 0.06041666666666667
0 0.10234375 0.946875 0.0984375 0.10625