1 0.7125 0.8270833333333333 0.053125 0.23229166666666667
1 0.68359375 0.571875 0.08359375 0.12083333333333333
0 0.45703125 0.19375 0.04140625 0.07604166666666666
0 0.4828125 0.071875 0.04296875 0.07916666666666666
0 0.21328125 0.265625 0.0375 0.08125
0 0.12109375 0.34270833333333334 0.04140625 0.07916666666666666
0 0.321875 0.10416666666666667 0.04453125 0.07395833333333333
0 0.2828125 0.05520833333333333 0.04296875 0.07604166666666666
0 0.3875 0.2375 0.04453125 0.07916666666666666
0 0.11953125 0.68125 0.06640625 0.11875
0 0.46015625 0.4083333333333333 0.059375 0.09583333333333334
0 0.76640625 0.6489583333333333 0.075 0.12395833333333334