3 0.94921875 0.875 0.065625 0.14583333333333334
3 0.92109375 0.3802083333333333 0.046875 0.178125
3 0.8734375 0.09895833333333333 0.053125 0.1625
3 0.6328125 0.190625 0.0625 0.153125
1 0.265625 0.13333333333333333 0.1265625 0.19270833333333334
1 0.5 0.42083333333333334 0.10546875 0.115625
1 0.51953125 0.8333333333333334 0.146875 0.17083333333333334
0 0.36484375 0.0375 0.0984375 0.06875
0 0.21875 0.04791666666666667 0.11796875 0.09166666666666666
0 0.80234375 0.9552083333333333 0.06796875 0.08854166666666667
0 0.92421875 0.6385416666666667 0.05390625 0.10625
0 0.72265625 0.8927083333333333 0.11796875 0.21458333333333332