1 0.27421875 0.175 0.09296875 0.10833333333333334
0 0.3125 0.171875 0.0390625 0.052083333333333336
0 0.34921875 0.19791666666666666 0.034375 0.05416666666666667
0 0.23828125 0.2791666666666667 0.03203125 0.059375
0 0.340625 0.33125 0.034375 0.059375
0 0.42265625 0.515625 0.1265625 0.18229166666666666
0 0.5265625 0.6572916666666667 0.11640625 0.22708333333333333
0 0.384375 0.9552083333333333 0.1234375 0.08854166666666667
3 0.440625 0.2125 0.05390625 0.05416666666666667
3 0.96796875 0.3625 0.0640625 0.08854166666666667
2 0.54609375 0.840625 0.021875 0.03229166666666667