0 0.53671875 0.46770833333333334 0.0375 0.07604166666666666
0 0.575 0.459375 0.03359375 0.05416666666666667
0 0.30859375 0.090625 0.0359375 0.06666666666666667
3 0.16328125 0.71875 0.09296875 0.1875
0 0.865625 0.7375 0.06796875 0.06666666666666667
0 0.77578125 0.8739583333333333 0.05703125 0.09895833333333333
0 0.30625 0.7989583333333333 0.04296875 0.115625
0 0.259375 0.6479166666666667 0.07109375 0.09583333333333334
0 0.4015625 0.39791666666666664 0.0390625 0.07395833333333333
0 0.35859375 0.478125 0.0390625 0.08125
0 0.20234375 0.3416666666666667 0.05390625 0.06666666666666667