1 0.7625 0.5677083333333334 0.096875 0.1875
3 0.82890625 0.5458333333333333 0.05859375 0.059375
3 0.78828125 0.790625 0.090625 0.11875
3 0.903125 0.590625 0.10703125 0.14270833333333333
0 0.30234375 0.940625 0.084375 0.10833333333333334
0 0.45625 0.9479166666666666 0.07109375 0.10416666666666667
0 0.55859375 0.8333333333333334 0.0859375 0.13541666666666666
0 0.68515625 0.421875 0.065625 0.13854166666666667
0 0.58671875 0.38229166666666664 0.0515625 0.07916666666666666
0 0.625 0.32916666666666666 0.05546875 0.07604166666666666
0 0.56484375 0.2760416666666667 0.0484375 0.059375
0 0.45078125 0.253125 0.02890625 0.046875
0 0.34140625 0.25416666666666665 0.0390625 0.07916666666666666
0 0.215625 0.5989583333333334 0.1109375 0.165625
3 0.690625 0.31145833333333334 0.05390625 0.06875