0 0.409375 0.14270833333333333 0.0390625 0.059375
1 0.6796875 0.46145833333333336 0.065625 0.09375
3 0.12265625 0.8625 0.07109375 0.11145833333333334
0 0.37578125 0.5020833333333333 0.05390625 0.11145833333333334
0 0.61640625 0.7802083333333333 0.06953125 0.14791666666666667
0 0.61796875 0.9416666666666667 0.0640625 0.115625
0 0.92578125 0.709375 0.10390625 0.13541666666666666
3 0.190625 0.575 0.071875 0.11875
0 0.59140625 0.18854166666666666 0.04140625 0.071875
0 0.36171875 0.32708333333333334 0.040625 0.07604166666666666
2 0.33984375 0.6510416666666666 0.0265625 0.0375
3 0.3109375 0.4395833333333333 0.05859375 0.084375
1 0.5609375 0.7041666666666667 0.0359375 0.09895833333333333
3 0.559375 0.8541666666666666 0.0515625 0.10833333333333334
1 0.17734375 0.7645833333333333 0.1015625 0.09166666666666666
1 0.13359375 0.9416666666666667 0.046875 0.10625