0 0.215625 0.8208333333333333 0.0375 0.071875
0 0.046875 0.809375 0.071875 0.084375
0 0.534375 0.20416666666666666 0.03046875 0.06145833333333333
0 0.39140625 0.36041666666666666 0.03359375 0.05416666666666667
0 0.47734375 0.4791666666666667 0.034375 0.05416666666666667
0 0.38203125 0.959375 0.05546875 0.07604166666666666
3 0.3875 0.6875 0.0390625 0.06145833333333333
3 0.628125 0.7604166666666666 0.08046875 0.10833333333333334
3 0.62421875 0.540625 0.04296875 0.059375
3 0.67265625 0.45729166666666665 0.0625 0.08854166666666667
0 0.80625 0.8208333333333333 0.0484375 0.07604166666666666