1 0.046875 0.5447916666666667 0.09140625 0.23958333333333334
0 0.246875 0.9552083333333333 0.16796875 0.08854166666666667
0 0.5453125 0.8010416666666667 0.065625 0.09583333333333334
3 0.565625 0.965625 0.053125 0.06875
0 0.359375 0.328125 0.0890625 0.10416666666666667
0 0.1796875 0.375 0.0765625 0.11354166666666667
0 0.09140625 0.334375 0.06640625 0.08645833333333333
0 0.1765625 0.23854166666666668 0.04140625 0.06666666666666667
0 0.33671875 0.11458333333333333 0.0375 0.052083333333333336
0 0.0921875 0.1125 0.04296875 0.06666666666666667
0 0.36171875 0.5677083333333334 0.05703125 0.08854166666666667