3 0.39296875 0.7145833333333333 0.071875 0.10625
3 0.3484375 0.6583333333333333 0.071875 0.115625
0 0.1859375 0.49895833333333334 0.0609375 0.09895833333333333
0 0.65625 0.7010416666666667 0.08203125 0.11354166666666667
0 0.89375 0.28541666666666665 0.0875 0.13541666666666666
0 0.5921875 0.1 0.0734375 0.13541666666666666
0 0.43515625 0.125 0.07109375 0.140625
3 0.19609375 0.9 0.08359375 0.08125
3 0.6984375 0.7979166666666667 0.0609375 0.09895833333333333
3 0.85546875 0.9614583333333333 0.096875 0.07604166666666666
3 0.7765625 0.19375 0.09453125 0.15520833333333334
0 0.02109375 0.128125 0.0390625 0.14270833333333333