1 0.4578125 0.6020833333333333 0.0625 0.153125
3 0.46015625 0.5 0.059375 0.09583333333333334
3 0.596875 0.415625 0.05390625 0.08125
3 0.89375 0.15729166666666666 0.0734375 0.13125
0 0.4109375 0.0375 0.053125 0.06875
1 0.3140625 0.6677083333333333 0.13046875 0.18541666666666667
0 0.13359375 0.8395833333333333 0.1890625 0.32083333333333336
3 0.70078125 0.7260416666666667 0.059375 0.09375
3 0.70703125 0.609375 0.0640625 0.11354166666666667
3 0.57421875 0.6791666666666667 0.0734375 0.12395833333333334
3 0.31484375 0.259375 0.0734375 0.09895833333333333
3 0.22109375 0.17083333333333334 0.0640625 0.084375
3 0.26875 0.18229166666666666 0.084375 0.09895833333333333
3 0.0578125 0.46041666666666664 0.1125 0.20520833333333333
3 0.040625 0.753125 0.078125 0.221875
0 0.8625 0.5708333333333333 0.0890625 0.153125
0 0.98125 0.24270833333333333 0.0375 0.12604166666666666
0 0.5671875 0.31979166666666664 0.07109375 0.12083333333333333
0 0.9515625 0.78125 0.08046875 0.13125
0 0.371875 0.9625 0.090625 0.07395833333333333