0 0.61328125 0.33229166666666665 0.05390625 0.09583333333333334
0 0.640625 0.38229166666666664 0.05390625 0.09375
0 0.73671875 0.340625 0.0515625 0.10833333333333334
0 0.2125 0.159375 0.04140625 0.06666666666666667
0 0.134375 0.390625 0.05390625 0.07395833333333333
0 0.190625 0.4197916666666667 0.05546875 0.07916666666666666
0 0.30078125 0.5729166666666666 0.059375 0.07916666666666666
0 0.353125 0.6416666666666667 0.053125 0.07395833333333333
3 0.50546875 0.8197916666666667 0.0640625 0.11354166666666667
0 0.49296875 0.690625 0.05 0.10104166666666667
0 0.5515625 0.5552083333333333 0.0609375 0.10833333333333334
3 0.7171875 0.59375 0.09296875 0.12604166666666666
3 0.3125 0.8052083333333333 0.09453125 0.12395833333333334