1 0.35703125 0.4427083333333333 0.0609375 0.12083333333333333
3 0.94375 0.31979166666666664 0.1015625 0.08125
1 0.95390625 0.07604166666666666 0.05546875 0.13854166666666667
3 0.7046875 0.5614583333333333 0.0484375 0.071875
0 0.38671875 0.12604166666666666 0.06796875 0.05416666666666667
3 0.62109375 0.2677083333333333 0.05546875 0.07604166666666666
3 0.70859375 0.278125 0.05546875 0.08125
3 0.46015625 0.9541666666666667 0.090625 0.09166666666666666
3 0.74609375 0.8145833333333333 0.046875 0.13333333333333333
3 0.63828125 0.665625 0.090625 0.13541666666666666
0 0.740625 0.06458333333333334 0.046875 0.06875
0 0.29375 0.61875 0.0875 0.23958333333333334
0 0.259375 0.4 0.0375 0.13854166666666667
1 0.55078125 0.07916666666666666 0.034375 0.07395833333333333