3 0.49609375 0.03958333333333333 0.0390625 0.07395833333333333
0 0.634375 0.14479166666666668 0.0515625 0.09166666666666666
0 0.67578125 0.07916666666666666 0.02890625 0.04479166666666667
3 0.3921875 0.9260416666666667 0.0375 0.084375
0 0.8109375 0.15208333333333332 0.03046875 0.071875
0 0.75703125 0.18229166666666666 0.0359375 0.07916666666666666
0 0.65078125 0.3802083333333333 0.040625 0.09375
0 0.040625 0.9489583333333333 0.0734375 0.10104166666666667
0 0.7328125 0.790625 0.07109375 0.11354166666666667
0 0.234375 0.6822916666666666 0.09296875 0.14583333333333334
0 0.171875 0.49583333333333335 0.075 0.11354166666666667
3 0.04921875 0.2520833333333333 0.0734375 0.07395833333333333
3 0.175 0.3260416666666667 0.05 0.05416666666666667
3 0.453125 0.14791666666666667 0.05859375 0.084375
3 0.60078125 0.4354166666666667 0.0375 0.09166666666666666
2 0.65 0.946875 0.053125 0.10625