0 0.578125 0.03125 0.0609375 0.057291666666666664
0 0.7171875 0.0375 0.0484375 0.06875
1 0.7765625 0.46458333333333335 0.08046875 0.12395833333333334
1 0.803125 0.41770833333333335 0.11640625 0.10833333333333334
0 0.05546875 0.9333333333333333 0.10859375 0.13333333333333333
3 0.3640625 0.221875 0.0890625 0.06875
0 0.41328125 0.057291666666666664 0.0734375 0.10833333333333334
0 0.48359375 0.07604166666666666 0.06953125 0.11354166666666667
0 0.2734375 0.3 0.08359375 0.13541666666666666
0 0.56328125 0.475 0.0484375 0.115625
0 0.6 0.571875 0.075 0.115625
0 0.7 0.709375 0.1109375 0.15520833333333334