2 0.55234375 0.46458333333333335 0.05390625 0.09375
3 0.55078125 0.33125 0.090625 0.14270833333333333
3 0.33125 0.35208333333333336 0.1015625 0.190625
0 0.3390625 0.07083333333333333 0.078125 0.13541666666666666
0 0.86171875 0.0625 0.04609375 0.071875
0 0.89921875 0.18645833333333334 0.0734375 0.09166666666666666
0 0.6734375 0.23125 0.103125 0.11145833333333334
0 0.7234375 0.19583333333333333 0.08359375 0.13541666666666666
0 0.66328125 0.9322916666666666 0.1625 0.13541666666666666
0 0.8171875 0.37916666666666665 0.1515625 0.284375
0 0.69765625 0.515625 0.18203125 0.33125
0 0.42734375 0.37916666666666665 0.10703125 0.25416666666666665