1 0.259375 0.33958333333333335 0.125 0.12604166666666666
1 0.49296875 0.5947916666666667 0.08359375 0.12395833333333334
0 0.20859375 0.20208333333333334 0.121875 0.17291666666666666
0 0.35390625 0.20208333333333334 0.10859375 0.18229166666666666
0 0.321875 0.026041666666666668 0.0875 0.046875
0 0.9109375 0.7864583333333334 0.05 0.115625
3 0.6015625 0.39895833333333336 0.06640625 0.140625
3 0.81640625 0.042708333333333334 0.053125 0.08125
3 0.8234375 0.284375 0.04453125 0.12395833333333334
3 0.8796875 0.5270833333333333 0.04296875 0.16041666666666668
0 0.9625 0.3885416666666667 0.053125 0.071875