0 0.078125 0.9697916666666667 0.078125 0.06041666666666667
0 0.3109375 0.7145833333333333 0.0390625 0.08125
0 0.603125 0.9625 0.046875 0.07395833333333333
0 0.40546875 0.7333333333333333 0.05546875 0.09375
0 0.8453125 0.8541666666666666 0.0515625 0.084375
0 0.80234375 0.8239583333333333 0.04609375 0.08125
0 0.615625 0.671875 0.034375 0.06875
0 0.60234375 0.7083333333333334 0.0375 0.06875
0 0.371875 0.6583333333333333 0.05546875 0.10625
0 0.0453125 0.79375 0.06796875 0.13541666666666666
0 0.17578125 0.6729166666666667 0.0765625 0.11145833333333334
0 0.4171875 0.525 0.03203125 0.06145833333333333
0 0.403125 0.475 0.03359375 0.052083333333333336
0 0.365625 0.440625 0.028125 0.041666666666666664
0 0.3390625 0.446875 0.03046875 0.04895833333333333
0 0.28984375 0.46875 0.02890625 0.04895833333333333
0 0.26484375 0.465625 0.034375 0.06145833333333333