0 0.928125 0.69375 0.05 0.12395833333333334
0 0.70625 0.471875 0.05390625 0.10833333333333334
0 0.6765625 0.30625 0.05859375 0.12395833333333334
3 0.9125 0.784375 0.0609375 0.10625
3 0.471875 0.7197916666666667 0.08203125 0.12604166666666666
3 0.0609375 0.12395833333333334 0.1109375 0.1625
0 0.52421875 0.9416666666666667 0.12890625 0.115625
0 0.8578125 0.6041666666666666 0.059375 0.10104166666666667
0 0.71875 0.6854166666666667 0.0515625 0.11145833333333334
0 0.64453125 0.6291666666666667 0.0609375 0.15833333333333333
0 0.103125 0.7864583333333334 0.19609375 0.284375