0 0.97734375 0.15520833333333334 0.0453125 0.06458333333333334
0 0.771875 0.90625 0.115625 0.1875
0 0.45546875 0.8020833333333334 0.08359375 0.16770833333333332
0 0.97890625 0.378125 0.04140625 0.13333333333333333
0 0.8484375 0.15729166666666666 0.06953125 0.09166666666666666
0 0.67265625 0.06875 0.0625 0.07916666666666666
3 0.05859375 0.9135416666666667 0.09453125 0.11354166666666667
3 0.1203125 0.6479166666666667 0.084375 0.07604166666666666
3 0.5453125 0.5552083333333333 0.1125 0.1625
3 0.55234375 0.740625 0.065625 0.09375
3 0.14765625 0.5427083333333333 0.090625 0.09895833333333333
3 0.46484375 0.675 0.059375 0.10104166666666667
1 0.14140625 0.8177083333333334 0.09140625 0.13333333333333333