0 0.3421875 0.5177083333333333 0.03203125 0.06145833333333333
0 0.4078125 0.2520833333333333 0.0375 0.059375
0 0.425 0.08020833333333334 0.0359375 0.071875
0 0.578125 0.125 0.0375 0.07604166666666666
0 0.46640625 0.2864583333333333 0.0390625 0.07395833333333333
0 0.10703125 0.8739583333333333 0.06640625 0.128125
0 0.45546875 0.671875 0.053125 0.09375
0 0.68125 0.36875 0.059375 0.10104166666666667
0 0.734375 0.1875 0.04140625 0.06875
0 0.73515625 0.3 0.040625 0.07604166666666666
0 0.89140625 0.06458333333333334 0.04140625 0.059375
0 0.8734375 0.29791666666666666 0.06953125 0.12083333333333333
0 0.88359375 0.5791666666666667 0.08046875 0.140625