0 0.6796875 0.6572916666666667 0.0484375 0.09375
3 0.67890625 0.8177083333333334 0.0609375 0.09375
3 0.73671875 0.8041666666666667 0.05390625 0.08645833333333333
3 0.68203125 0.7322916666666667 0.05 0.08125
3 0.721875 0.690625 0.05546875 0.08125
0 0.66015625 0.9739583333333334 0.07109375 0.052083333333333336
1 0.5125 0.7510416666666667 0.078125 0.07916666666666666
1 0.4953125 0.5958333333333333 0.07109375 0.08125
0 0.60703125 0.5989583333333334 0.0609375 0.10625
0 0.753125 0.5041666666666667 0.034375 0.07916666666666666
0 0.38203125 0.37604166666666666 0.04140625 0.071875
0 0.35078125 0.29375 0.0484375 0.06875
0 0.328125 0.41354166666666664 0.0484375 0.08125
0 0.31484375 0.12604166666666666 0.040625 0.059375
0 0.0859375 0.084375 0.04453125 0.10833333333333334
0 0.021875 0.159375 0.04140625 0.09583333333333334