1 0.303125 0.859375 0.1609375 0.11875
1 0.209375 0.9270833333333334 0.0609375 0.14583333333333334
0 0.0828125 0.4875 0.0515625 0.12604166666666666
0 0.55859375 0.15104166666666666 0.03359375 0.05416666666666667
0 0.47890625 0.1625 0.04453125 0.06458333333333334
0 0.490625 0.22916666666666666 0.04296875 0.09895833333333333
0 0.284375 0.31875 0.0734375 0.10833333333333334
0 0.484375 0.42604166666666665 0.071875 0.12083333333333333
0 0.66015625 0.21354166666666666 0.0625 0.09583333333333334
0 0.51328125 0.5958333333333333 0.0625 0.115625
0 0.428125 0.675 0.06640625 0.115625
0 0.68125 0.9052083333333333 0.1015625 0.18020833333333333