3 0.421875 0.090625 0.06640625 0.08125
3 0.6328125 0.4791666666666667 0.084375 0.153125
3 0.4234375 0.48541666666666666 0.0859375 0.18020833333333333
0 0.059375 0.25833333333333336 0.11640625 0.209375
0 0.44609375 0.20625 0.071875 0.140625
0 0.51796875 0.5208333333333334 0.09453125 0.23229166666666667
2 0.63046875 0.6125 0.05546875 0.08854166666666667
0 0.77265625 0.7197916666666667 0.1984375 0.34270833333333334
0 0.91015625 0.6052083333333333 0.17890625 0.30104166666666665
0 0.82265625 0.38229166666666664 0.0765625 0.12395833333333334
0 0.753125 0.40520833333333334 0.0984375 0.11354166666666667
1 0.83671875 0.21354166666666666 0.07890625 0.10104166666666667
1 0.83125 0.08645833333333333 0.06796875 0.07395833333333333
0 0.97265625 0.23958333333333334 0.05390625 0.07395833333333333
0 0.9234375 0.14895833333333333 0.0609375 0.09166666666666666