0 0.896875 0.346875 0.04609375 0.06145833333333333
0 0.29296875 0.21770833333333334 0.0390625 0.07395833333333333
1 0.2796875 0.6458333333333334 0.065625 0.13125
1 0.190625 0.6927083333333334 0.0890625 0.14583333333333334
3 0.21015625 0.8625 0.07109375 0.115625
1 0.13203125 0.8489583333333334 0.11953125 0.2125
0 0.16484375 0.06770833333333333 0.04609375 0.07604166666666666
0 0.05625 0.37083333333333335 0.109375 0.18229166666666666
0 0.17578125 0.49375 0.06796875 0.11875
0 0.3515625 0.27395833333333336 0.03046875 0.07395833333333333
0 0.378125 0.31979166666666664 0.0375 0.08125
0 0.42890625 0.37604166666666666 0.0609375 0.07604166666666666
1 0.5078125 0.23958333333333334 0.07109375 0.06875