1 0.903125 0.5489583333333333 0.09609375 0.08645833333333333
0 0.49921875 0.90625 0.12890625 0.1875
0 0.659375 0.8739583333333333 0.121875 0.2520833333333333
0 0.80703125 0.9302083333333333 0.1109375 0.13958333333333334
0 0.95 0.9625 0.1 0.07395833333333333
0 0.96796875 0.459375 0.0640625 0.11875
0 0.734375 0.46875 0.08359375 0.13333333333333333
0 0.84453125 0.265625 0.071875 0.13125
0 0.70859375 0.2791666666666667 0.0609375 0.09375
0 0.53828125 0.26666666666666666 0.0875 0.1875
0 0.48515625 0.026041666666666668 0.07109375 0.046875
0 0.33515625 0.49166666666666664 0.1125 0.20729166666666668