0 0.365625 0.8458333333333333 0.05 0.09166666666666666
0 0.509375 0.03958333333333333 0.0234375 0.06458333333333334
0 0.55234375 0.021875 0.040625 0.03958333333333333
0 0.50234375 0.16666666666666666 0.04296875 0.09583333333333334
0 0.62421875 0.17604166666666668 0.05703125 0.13541666666666666
0 0.4140625 0.346875 0.0390625 0.06145833333333333
0 0.503125 0.45416666666666666 0.05546875 0.10416666666666667
0 0.4046875 0.49375 0.04609375 0.06875
0 0.440625 0.4197916666666667 0.028125 0.059375
0 0.4359375 0.6020833333333333 0.0390625 0.084375
0 0.4828125 0.684375 0.05390625 0.12395833333333334
0 0.371875 0.6072916666666667 0.028125 0.059375
0 0.08828125 0.9427083333333334 0.065625 0.04895833333333333
0 0.196875 0.9458333333333333 0.075 0.04479166666666667
0 0.29453125 0.9708333333333333 0.0390625 0.04895833333333333