3 0.65859375 0.878125 0.08359375 0.13541666666666666
3 0.73125 0.88125 0.07890625 0.15833333333333333
3 0.67421875 0.7614583333333333 0.05390625 0.09583333333333334
3 0.71875 0.7145833333333333 0.0625 0.115625
0 0.603125 0.6052083333333333 0.07109375 0.12395833333333334
0 0.2765625 0.29791666666666666 0.0640625 0.09583333333333334
0 0.3140625 0.146875 0.05859375 0.09166666666666666
0 0.34765625 0.25833333333333336 0.0515625 0.09583333333333334
0 0.765625 0.48125 0.0390625 0.09375
0 0.67265625 0.6677083333333333 0.04609375 0.09166666666666666
1 0.47109375 0.58125 0.09140625 0.08125
1 0.48203125 0.7979166666666667 0.09140625 0.09895833333333333