1 0.65703125 0.59375 0.046875 0.12604166666666666
1 0.590625 0.8072916666666666 0.06640625 0.11875
2 0.6890625 0.8541666666666666 0.03046875 0.03958333333333333
3 0.69140625 0.778125 0.06953125 0.09895833333333333
3 0.78359375 0.6135416666666667 0.08359375 0.09166666666666666
0 0.403125 0.35208333333333336 0.034375 0.046875
0 0.0640625 0.246875 0.05546875 0.04479166666666667
0 0.259375 0.9385416666666667 0.078125 0.09375
0 0.396875 0.9375 0.078125 0.10625
0 0.484375 0.8010416666666667 0.071875 0.12083333333333333
0 0.309375 0.35104166666666664 0.04609375 0.07395833333333333
0 0.50546875 0.365625 0.05546875 0.05416666666666667
0 0.553125 0.4114583333333333 0.05703125 0.071875
0 0.515625 0.44583333333333336 0.053125 0.08125
0 0.60234375 0.4791666666666667 0.06796875 0.11354166666666667
0 0.19609375 0.609375 0.09140625 0.15833333333333333