0 0.79765625 0.3385416666666667 0.03203125 0.059375
0 0.73671875 0.22708333333333333 0.03203125 0.059375
1 0.84921875 0.9177083333333333 0.059375 0.12083333333333333
3 0.59609375 0.95625 0.0890625 0.0875
3 0.80859375 0.659375 0.06953125 0.10833333333333334
0 0.24765625 0.2989583333333333 0.05390625 0.07916666666666666
0 0.1015625 0.3625 0.06640625 0.07916666666666666
0 0.7046875 0.26666666666666666 0.03203125 0.06875
0 0.790625 0.49375 0.034375 0.06875
0 0.628125 0.8677083333333333 0.0734375 0.10625
0 0.28359375 0.534375 0.075 0.09166666666666666
0 0.40390625 0.3458333333333333 0.05859375 0.09895833333333333
0 0.478125 0.20625 0.06953125 0.09583333333333334