0 0.09609375 0.20729166666666668 0.0859375 0.12395833333333334
0 0.41171875 0.8885416666666667 0.084375 0.13854166666666667
0 0.2296875 0.04583333333333333 0.09609375 0.07604166666666666
0 0.63359375 0.4114583333333333 0.0390625 0.08645833333333333
0 0.553125 0.13541666666666666 0.040625 0.06875
0 0.66015625 0.22395833333333334 0.0265625 0.052083333333333336
0 0.5984375 0.10416666666666667 0.028125 0.06875
0 0.634375 0.1125 0.021875 0.052083333333333336
3 0.4078125 0.23333333333333334 0.0765625 0.10104166666666667
3 0.6484375 0.5854166666666667 0.06640625 0.128125
1 0.66171875 0.9 0.0515625 0.13541666666666666