0 0.584375 0.4375 0.0375 0.059375
0 0.51484375 0.378125 0.0375 0.06458333333333334
0 0.421875 0.328125 0.034375 0.059375
0 0.3703125 0.340625 0.040625 0.07395833333333333
0 0.328125 0.7458333333333333 0.040625 0.084375
0 0.315625 0.6385416666666667 0.0390625 0.06666666666666667
0 0.37734375 0.7270833333333333 0.04296875 0.071875
0 0.240625 0.7708333333333334 0.05390625 0.09375
0 0.028125 0.8458333333333333 0.053125 0.10104166666666667
0 0.065625 0.9291666666666667 0.06796875 0.09166666666666666
0 0.50625 0.9489583333333333 0.05390625 0.09166666666666666
1 0.3578125 0.6385416666666667 0.05390625 0.071875
3 0.61875 0.9052083333333333 0.0734375 0.10104166666666667
1 0.5796875 0.9770833333333333 0.075 0.04583333333333333