0 0.415625 0.5177083333333333 0.04296875 0.06666666666666667
0 0.41640625 0.6916666666666667 0.04140625 0.06875
0 0.3171875 0.8625 0.0484375 0.07604166666666666
0 0.290625 0.7854166666666667 0.05 0.10416666666666667
0 0.26484375 0.9135416666666667 0.0515625 0.09375
0 0.38046875 0.8875 0.046875 0.08645833333333333
0 0.40703125 0.8520833333333333 0.046875 0.09375
0 0.4375 0.8177083333333334 0.0359375 0.07916666666666666
0 0.48828125 0.78125 0.04296875 0.08645833333333333
0 0.16796875 0.4125 0.0640625 0.10416666666666667
0 0.18828125 0.653125 0.05390625 0.10104166666666667
0 0.2078125 0.7520833333333333 0.05703125 0.10104166666666667
0 0.321875 0.95625 0.05625 0.0875
0 0.43828125 0.9625 0.034375 0.07395833333333333
0 0.6109375 0.8197916666666667 0.0390625 0.07916666666666666
0 0.6359375 0.8885416666666667 0.04140625 0.08854166666666667
0 0.128125 0.8958333333333334 0.08203125 0.11875