1 0.634375 0.8479166666666667 0.0375 0.15104166666666666
3 0.3953125 0.9625 0.05390625 0.07395833333333333
0 0.3125 0.8354166666666667 0.05 0.06666666666666667
0 0.19609375 0.6135416666666667 0.06953125 0.071875
0 0.29921875 0.928125 0.0515625 0.08854166666666667
0 0.340625 0.890625 0.05 0.09166666666666666
0 0.49765625 0.7791666666666667 0.0625 0.09166666666666666
0 0.41484375 0.859375 0.05703125 0.09895833333333333
0 0.590625 0.540625 0.065625 0.10416666666666667
0 0.6078125 0.6854166666666667 0.06796875 0.140625
0 0.903125 0.4375 0.171875 0.178125