3 0.29375 0.38645833333333335 0.065625 0.12083333333333333
0 0.571875 0.7875 0.04140625 0.07916666666666666
0 0.59609375 0.7604166666666666 0.0359375 0.06458333333333334
0 0.609375 0.7197916666666667 0.0375 0.06666666666666667
0 0.68203125 0.5572916666666666 0.0359375 0.06145833333333333
0 0.315625 0.265625 0.05390625 0.08125
0 0.32265625 0.6520833333333333 0.05703125 0.128125
0 0.29140625 0.79375 0.0609375 0.15104166666666666
0 0.85546875 0.9604166666666667 0.046875 0.07916666666666666
0 0.71953125 0.765625 0.05 0.08854166666666667
0 0.5859375 0.9666666666666667 0.075 0.06666666666666667
0 0.4125 0.959375 0.05859375 0.08125
0 0.09375 0.6479166666666667 0.159375 0.190625