0 0.040625 0.3885416666666667 0.078125 0.09583333333333334
0 0.040625 0.11979166666666667 0.078125 0.12083333333333333
0 0.18359375 0.2864583333333333 0.046875 0.08854166666666667
0 0.184375 0.35833333333333334 0.04453125 0.06875
3 0.453125 0.6614583333333334 0.05703125 0.084375
0 0.490625 0.34791666666666665 0.05546875 0.10833333333333334
0 0.5953125 0.290625 0.05703125 0.08645833333333333
0 0.8203125 0.45416666666666666 0.084375 0.14791666666666667
0 0.884375 0.5791666666666667 0.084375 0.175
0 0.35390625 0.7416666666666667 0.10859375 0.18541666666666667
0 0.4546875 0.8041666666666667 0.0984375 0.2
1 0.671875 0.42604166666666665 0.06796875 0.10104166666666667
1 0.590625 0.6177083333333333 0.09453125 0.10833333333333334
1 0.15546875 0.8375 0.11640625 0.1875
1 0.090625 0.8958333333333334 0.05703125 0.20729166666666668