1 0.978125 0.7177083333333333 0.04296875 0.21458333333333332
3 0.48359375 0.271875 0.0640625 0.10833333333333334
0 0.3296875 0.028125 0.0375 0.052083333333333336
0 0.35625 0.09895833333333333 0.04296875 0.06875
0 0.3953125 0.065625 0.0484375 0.08645833333333333
0 0.60546875 0.13125 0.046875 0.08854166666666667
0 0.65703125 0.20729166666666668 0.05546875 0.08854166666666667
0 0.696875 0.275 0.04296875 0.08645833333333333
0 0.865625 0.13333333333333333 0.04609375 0.08854166666666667
0 0.95546875 0.15729166666666666 0.04453125 0.07604166666666666
0 0.8328125 0.45416666666666666 0.040625 0.07395833333333333
0 0.7546875 0.37395833333333334 0.034375 0.06666666666666667
0 0.72578125 0.42083333333333334 0.05390625 0.08125
0 0.328125 0.44479166666666664 0.05 0.11354166666666667
0 0.3515625 0.540625 0.05859375 0.12395833333333334
0 0.1625 0.33229166666666665 0.05859375 0.10104166666666667
0 0.0375 0.3614583333333333 0.06953125 0.10625
3 0.390625 0.9322916666666666 0.0734375 0.12604166666666666
3 0.40546875 0.7739583333333333 0.06640625 0.12083333333333333
1 0.11796875 0.5927083333333333 0.0859375 0.10416666666666667