0 0.9203125 0.571875 0.0765625 0.140625
0 0.85 0.35833333333333334 0.08046875 0.14270833333333333
0 0.56640625 0.10520833333333333 0.071875 0.115625
1 0.55234375 0.8802083333333334 0.1234375 0.13125
0 0.1984375 0.8739583333333333 0.11640625 0.246875
0 0.36484375 0.7416666666666667 0.10390625 0.18541666666666667
0 0.146875 0.5427083333333333 0.1484375 0.271875
1 0.45390625 0.375 0.06953125 0.1625
1 0.3125 0.41875 0.121875 0.190625
3 0.06171875 0.18645833333333334 0.12109375 0.190625
3 0.053125 0.4510416666666667 0.103125 0.190625
3 0.59453125 0.20520833333333333 0.05546875 0.084375
3 0.696875 0.41458333333333336 0.05859375 0.11875
3 0.68671875 0.5135416666666667 0.05703125 0.08854166666666667
3 0.56875 0.46041666666666664 0.059375 0.10104166666666667
3 0.2921875 0.7510416666666667 0.07890625 0.16770833333333332