3 0.81640625 0.3729166666666667 0.078125 0.06875
3 0.6453125 0.34791666666666665 0.04609375 0.059375
3 0.5734375 0.3458333333333333 0.053125 0.06875
2 0.65546875 0.7208333333333333 0.03046875 0.059375
3 0.4375 0.8916666666666667 0.09140625 0.1625
0 0.68203125 0.19479166666666667 0.04453125 0.05416666666666667
0 0.965625 0.1875 0.0640625 0.10833333333333334
0 0.2984375 0.11145833333333334 0.0390625 0.059375
0 0.3921875 0.09895833333333333 0.0375 0.06458333333333334
0 0.7375 0.8614583333333333 0.096875 0.2520833333333333
3 0.5859375 0.6489583333333333 0.078125 0.11354166666666667