0 0.075 0.20625 0.04453125 0.071875
0 0.1546875 0.27291666666666664 0.090625 0.14583333333333334
0 0.15078125 0.434375 0.0765625 0.14270833333333333
0 0.0609375 0.615625 0.08046875 0.13541666666666666
0 0.1015625 0.778125 0.096875 0.16770833333333332
2 0.55625 0.440625 0.0484375 0.07604166666666666
1 0.28359375 0.10104166666666667 0.04140625 0.09375
1 0.2671875 0.21458333333333332 0.08203125 0.08854166666666667
1 0.278125 0.24895833333333334 0.059375 0.07916666666666666
1 0.28359375 0.33958333333333335 0.096875 0.071875
1 0.40625 0.8510416666666667 0.0734375 0.19479166666666667
1 0.51953125 0.875 0.16640625 0.10625
1 0.46328125 0.7677083333333333 0.0734375 0.153125