0 0.43984375 0.16458333333333333 0.040625 0.07604166666666666
0 0.4359375 0.31979166666666664 0.03359375 0.06666666666666667
0 0.459375 0.265625 0.01953125 0.041666666666666664
0 0.4828125 0.2604166666666667 0.0234375 0.041666666666666664
0 0.40234375 0.3177083333333333 0.04609375 0.07604166666666666
0 0.2078125 0.16770833333333332 0.065625 0.06875
0 0.15 0.15520833333333334 0.05 0.07916666666666666
0 0.0609375 0.2864583333333333 0.08046875 0.09375
0 0.48125 0.5385416666666667 0.0265625 0.06875
0 0.5046875 0.571875 0.0375 0.06666666666666667
0 0.5484375 0.6177083333333333 0.046875 0.06875
0 0.17734375 0.5322916666666667 0.0734375 0.12604166666666666
0 0.29453125 0.653125 0.05859375 0.115625
0 0.36171875 0.7291666666666666 0.0515625 0.08645833333333333