3 0.821875 0.234375 0.05859375 0.07395833333333333
3 0.07734375 0.7260416666666667 0.1375 0.11354166666666667
3 0.328125 0.14791666666666667 0.040625 0.059375
3 0.45 0.234375 0.0390625 0.07395833333333333
0 0.20390625 0.5583333333333333 0.046875 0.07395833333333333
0 0.1171875 0.165625 0.04296875 0.07916666666666666
0 0.20859375 0.10104166666666667 0.0359375 0.05416666666666667
0 0.94609375 0.07916666666666666 0.05 0.07916666666666666
0 0.8671875 0.15104166666666666 0.05390625 0.10833333333333334
0 0.5546875 0.25416666666666665 0.0625 0.09895833333333333
0 0.51015625 0.4239583333333333 0.06796875 0.10625
0 0.30234375 0.8760416666666667 0.11796875 0.16770833333333332
0 0.2984375 0.39895833333333336 0.053125 0.09166666666666666