1 0.4078125 0.32083333333333336 0.09609375 0.14270833333333333
3 0.17265625 0.18125 0.08203125 0.12083333333333333
3 0.51875 0.25729166666666664 0.08203125 0.12395833333333334
3 0.57421875 0.6322916666666667 0.0984375 0.16770833333333332
3 0.69921875 0.484375 0.0515625 0.06458333333333334
0 0.05546875 0.25729166666666664 0.10859375 0.153125
0 0.42109375 0.8322916666666667 0.1359375 0.24166666666666667
1 0.61953125 0.91875 0.08359375 0.1625
1 0.721875 0.753125 0.0984375 0.178125
3 0.64921875 0.7479166666666667 0.09609375 0.153125
0 0.60390625 0.36770833333333336 0.071875 0.14791666666666667
0 0.73515625 0.3625 0.0625 0.07395833333333333
0 0.57265625 0.029166666666666667 0.07890625 0.05416666666666667