1 0.40859375 0.6989583333333333 0.078125 0.06875
1 0.428125 0.8552083333333333 0.0765625 0.07604166666666666
0 0.353125 0.06145833333333333 0.04140625 0.06458333333333334
0 0.23671875 0.23958333333333334 0.040625 0.059375
0 0.23828125 0.525 0.0484375 0.09166666666666666
0 0.265625 0.40208333333333335 0.04296875 0.07395833333333333
0 0.30078125 0.4822916666666667 0.04609375 0.08125
0 0.51640625 0.69375 0.0609375 0.10833333333333334
0 0.6546875 0.60625 0.0375 0.08645833333333333
0 0.59140625 0.7583333333333333 0.046875 0.08854166666666667
3 0.58203125 0.9083333333333333 0.071875 0.09375
3 0.64453125 0.8989583333333333 0.05546875 0.09895833333333333
3 0.5921875 0.8322916666666667 0.0484375 0.07395833333333333
3 0.628125 0.790625 0.053125 0.084375