0 0.46640625 0.41875 0.0359375 0.07604166666666666
0 0.28203125 0.6010416666666667 0.04140625 0.052083333333333336
0 0.196875 0.690625 0.0390625 0.06666666666666667
0 0.084375 0.73125 0.05546875 0.07395833333333333
0 0.04765625 0.8572916666666667 0.0625 0.09375
0 0.409375 0.5322916666666667 0.05 0.06145833333333333
0 0.446875 0.515625 0.04296875 0.04479166666666667
0 0.4625 0.5416666666666666 0.04140625 0.046875
0 0.609375 0.25104166666666666 0.02890625 0.052083333333333336
0 0.5578125 0.425 0.02890625 0.06458333333333334
0 0.66328125 0.49895833333333334 0.04609375 0.05416666666666667
0 0.728125 0.565625 0.05859375 0.084375
0 0.97734375 0.38645833333333335 0.0453125 0.10625
0 0.7796875 0.6427083333333333 0.05703125 0.10104166666666667
0 0.46796875 0.7041666666666667 0.0640625 0.10833333333333334
3 0.50546875 0.6427083333333333 0.0609375 0.071875
0 0.86953125 0.8947916666666667 0.10859375 0.15520833333333334
3 0.9390625 0.7520833333333333 0.071875 0.10104166666666667
3 0.85234375 0.7583333333333333 0.0765625 0.08854166666666667