0 0.2453125 0.459375 0.090625 0.14270833333333333
0 0.36953125 0.13958333333333334 0.0609375 0.07604166666666666
0 0.403125 0.346875 0.06796875 0.10625
0 0.51796875 0.40208333333333335 0.04453125 0.07916666666666666
0 0.609375 0.4125 0.046875 0.09895833333333333
0 0.528125 0.528125 0.0609375 0.10416666666666667
0 0.68359375 0.5614583333333333 0.053125 0.07604166666666666
0 0.70859375 0.6291666666666667 0.05 0.07395833333333333
0 0.9203125 0.6822916666666666 0.0625 0.09583333333333334
0 0.82265625 0.8447916666666667 0.07109375 0.13333333333333333
0 0.646875 0.8979166666666667 0.075 0.15104166666666666
0 0.56015625 0.8427083333333333 0.07890625 0.15520833333333334
0 0.46484375 0.7802083333333333 0.0875 0.1875
0 0.35625 0.790625 0.0875 0.1875
0 0.3296875 0.9416666666666667 0.12890625 0.115625
1 0.709375 0.6989583333333333 0.0390625 0.09895833333333333
1 0.58984375 0.9489583333333333 0.0765625 0.10104166666666667