1 0.690625 0.38645833333333335 0.07109375 0.07604166666666666
1 0.69765625 0.346875 0.0875 0.057291666666666664
0 0.43984375 0.125 0.05703125 0.10625
0 0.4703125 0.0875 0.040625 0.07604166666666666
0 0.478125 0.023958333333333335 0.04140625 0.041666666666666664
0 0.496875 0.08020833333333334 0.03046875 0.07604166666666666
0 0.38828125 0.12083333333333333 0.05390625 0.08854166666666667
0 0.3140625 0.26666666666666666 0.053125 0.09375
0 0.52109375 0.43854166666666666 0.03359375 0.08645833333333333
0 0.5546875 0.484375 0.05390625 0.09375
0 0.62890625 0.5447916666666667 0.078125 0.10104166666666667
0 0.35234375 0.7989583333333333 0.07890625 0.14583333333333334
0 0.19453125 0.709375 0.1359375 0.259375
3 0.15 0.6041666666666666 0.10546875 0.11145833333333334