1 0.94453125 0.7052083333333333 0.1109375 0.23958333333333334
3 0.84375 0.378125 0.06796875 0.09895833333333333
0 0.3359375 0.725 0.11640625 0.190625
0 0.8453125 0.5125 0.06796875 0.18541666666666667
0 0.72734375 0.46770833333333334 0.0625 0.10104166666666667
0 0.76953125 0.4125 0.0640625 0.09375
0 0.6875 0.3385416666666667 0.05546875 0.07395833333333333
0 0.5609375 0.3145833333333333 0.0390625 0.052083333333333336
0 0.44765625 0.31875 0.0515625 0.07395833333333333
0 0.209375 0.2125 0.053125 0.03958333333333333
0 0.06640625 0.5604166666666667 0.1 0.14791666666666667