0 0.68671875 0.10416666666666667 0.03203125 0.05416666666666667
0 0.81015625 0.17395833333333333 0.040625 0.071875
0 0.640625 0.153125 0.046875 0.07916666666666666
0 0.25546875 0.40625 0.05546875 0.08645833333333333
0 0.30546875 0.5145833333333333 0.06953125 0.08125
0 0.16875 0.6729166666666667 0.0875 0.11145833333333334
0 0.31171875 0.925 0.084375 0.12604166666666666
0 0.690625 0.6729166666666667 0.059375 0.08125
0 0.646875 0.34791666666666665 0.04296875 0.07916666666666666
2 0.17265625 0.36041666666666666 0.02109375 0.029166666666666667
2 0.1921875 0.4041666666666667 0.02109375 0.03229166666666667
0 0.7578125 0.20208333333333334 0.034375 0.06458333333333334
3 0.48515625 0.14270833333333333 0.0375 0.07395833333333333