0 0.49921875 0.53125 0.034375 0.06458333333333334
0 0.47734375 0.48125 0.0375 0.06458333333333334
0 0.3984375 0.4791666666666667 0.04140625 0.06458333333333334
0 0.428125 0.45416666666666666 0.0390625 0.04895833333333333
0 0.31328125 0.5322916666666667 0.0515625 0.07604166666666666
0 0.2 0.8447916666666667 0.103125 0.1625
0 0.38359375 0.81875 0.03359375 0.09583333333333334
0 0.44921875 0.7291666666666666 0.0734375 0.13125
0 0.50234375 0.83125 0.065625 0.12604166666666666
0 0.7515625 0.7072916666666667 0.04453125 0.08125
0 0.7703125 0.6520833333333333 0.040625 0.084375