1 0.78125 0.3958333333333333 0.07890625 0.09583333333333334
1 0.790625 0.3572916666666667 0.10703125 0.07604166666666666
0 0.428125 0.05520833333333333 0.0609375 0.10625
0 0.48671875 0.071875 0.059375 0.10833333333333334
3 0.08515625 0.7083333333333334 0.1484375 0.19270833333333334
0 0.12265625 0.8427083333333333 0.24296875 0.31354166666666666
0 0.32578125 0.253125 0.0625 0.115625
0 0.57578125 0.4375 0.04296875 0.09895833333333333
0 0.61171875 0.5041666666666667 0.0625 0.10416666666666667
0 0.7046875 0.60625 0.0984375 0.12604166666666666
0 0.34609375 0.9229166666666667 0.1078125 0.15416666666666667