3 0.8375 0.39479166666666665 0.05 0.09375
3 0.646875 0.8958333333333334 0.05546875 0.084375
0 0.25078125 0.509375 0.02109375 0.03229166666666667
0 0.04296875 0.6572916666666667 0.04140625 0.05416666666666667
0 0.509375 0.66875 0.028125 0.05416666666666667
0 0.259375 0.9635416666666666 0.046875 0.07291666666666667
0 0.1703125 0.7885416666666667 0.03203125 0.057291666666666664
0 0.33671875 0.6010416666666667 0.034375 0.06666666666666667
0 0.334375 0.465625 0.03046875 0.046875
0 0.5640625 0.63125 0.025 0.046875
0 0.771875 0.6375 0.04140625 0.059375
0 0.85234375 0.2520833333333333 0.05390625 0.09375
0 0.6109375 0.340625 0.0359375 0.04479166666666667
0 0.559375 0.23541666666666666 0.0359375 0.06666666666666667