1 0.47578125 0.240625 0.08203125 0.140625
3 0.2546875 0.9208333333333333 0.090625 0.14791666666666667
3 0.0484375 0.840625 0.09453125 0.12083333333333333
0 0.0203125 0.7135416666666666 0.0375 0.13333333333333333
0 0.21015625 0.18229166666666666 0.1015625 0.19791666666666666
0 0.4390625 0.40520833333333334 0.078125 0.13333333333333333
0 0.40234375 0.7541666666666667 0.090625 0.13125
0 0.509375 0.9 0.0625 0.13125
0 0.5625 0.8354166666666667 0.08046875 0.14583333333333334
0 0.69765625 0.628125 0.06796875 0.09583333333333334
0 0.65234375 0.559375 0.05703125 0.06666666666666667
0 0.74609375 0.26145833333333335 0.0359375 0.04895833333333333
3 0.31015625 0.39166666666666666 0.0875 0.14583333333333334
3 0.0640625 0.08125 0.125 0.15833333333333333