0 0.921875 0.346875 0.053125 0.09583333333333334
0 0.61796875 0.28229166666666666 0.0390625 0.07604166666666666
0 0.34453125 0.5979166666666667 0.04453125 0.08854166666666667
0 0.48125 0.10416666666666667 0.034375 0.07916666666666666
0 0.36640625 0.240625 0.0390625 0.08125
0 0.36953125 0.9125 0.103125 0.175
0 0.49375 0.8947916666666667 0.06796875 0.12083333333333333
0 0.5578125 0.3260416666666667 0.05390625 0.09375
0 0.746875 0.08645833333333333 0.03046875 0.04895833333333333
0 0.71875 0.29375 0.0625 0.12395833333333334
0 0.7109375 0.525 0.0609375 0.10625
0 0.615625 0.9020833333333333 0.0890625 0.17083333333333334
0 0.778125 0.9072916666666667 0.08203125 0.16041666666666668
0 0.88046875 0.9072916666666667 0.10859375 0.18020833333333333