1 0.4328125 0.7958333333333333 0.09296875 0.15104166666666666
0 0.7375 0.14479166666666668 0.071875 0.13125
0 0.82578125 0.3458333333333333 0.065625 0.10416666666666667
0 0.24609375 0.2677083333333333 0.10546875 0.15520833333333334
0 0.0609375 0.03854166666666667 0.11953125 0.071875
0 0.07421875 0.30104166666666665 0.14609375 0.2125
1 0.409375 0.46458333333333335 0.109375 0.10833333333333334
1 0.21875 0.6864583333333333 0.1484375 0.24166666666666667
3 0.1703125 0.240625 0.0875 0.15520833333333334
3 0.29375 0.2708333333333333 0.0484375 0.11145833333333334
3 0.4703125 0.13229166666666667 0.0625 0.11145833333333334
3 0.59921875 0.14583333333333334 0.05390625 0.11875