3 0.63671875 0.621875 0.05703125 0.084375
0 0.71015625 0.5822916666666667 0.065625 0.10416666666666667
0 0.97578125 0.646875 0.0484375 0.06875
0 0.8046875 0.5979166666666667 0.059375 0.09895833333333333
0 0.765625 0.528125 0.04609375 0.084375
0 0.4875 0.22083333333333333 0.05546875 0.10625
0 0.51171875 0.16458333333333333 0.040625 0.071875
0 0.50234375 0.359375 0.0484375 0.10104166666666667
0 0.396875 0.25833333333333336 0.0390625 0.07604166666666666
0 0.259375 0.6510416666666666 0.05703125 0.12083333333333333
0 0.253125 0.5489583333333333 0.0484375 0.10625
0 0.28125 0.43333333333333335 0.0625 0.10625
0 0.2109375 0.21354166666666666 0.046875 0.10104166666666667
0 0.1375 0.16666666666666666 0.053125 0.09166666666666666
0 0.02890625 0.14270833333333333 0.05546875 0.07916666666666666
3 0.5203125 0.5927083333333333 0.0484375 0.08854166666666667
3 0.653125 0.809375 0.065625 0.12395833333333334
3 0.37578125 0.778125 0.0984375 0.14270833333333333
1 0.4609375 0.8 0.08046875 0.14270833333333333