0 0.221875 0.4864583333333333 0.0515625 0.084375
3 0.95234375 0.559375 0.0953125 0.13958333333333334
3 0.575 0.921875 0.09140625 0.15520833333333334
3 0.43046875 0.6802083333333333 0.05546875 0.09583333333333334
0 0.25625 0.8458333333333333 0.08203125 0.16041666666666668
0 0.31328125 0.6854166666666667 0.0765625 0.11145833333333334
0 0.153125 0.6864583333333333 0.084375 0.13333333333333333
0 0.6296875 0.5979166666666667 0.06796875 0.128125
0 0.815625 0.44895833333333335 0.04609375 0.10416666666666667
0 0.8046875 0.2604166666666667 0.0625 0.10104166666666667
0 0.184375 0.35520833333333335 0.08359375 0.13854166666666667
0 0.69296875 0.11770833333333333 0.04453125 0.09166666666666666
0 0.6203125 0.13229166666666667 0.0515625 0.07604166666666666
0 0.553125 0.15520833333333334 0.046875 0.059375
0 0.528125 0.115625 0.046875 0.06458333333333334
0 0.35859375 0.06875 0.046875 0.04479166666666667
1 0.503125 0.228125 0.0640625 0.057291666666666664
1 0.43203125 0.11354166666666667 0.06953125 0.06875
0 0.02421875 0.2864583333333333 0.04609375 0.06458333333333334
0 0.0171875 0.19166666666666668 0.03203125 0.11145833333333334