1 0.61328125 0.7708333333333334 0.0875 0.084375
1 0.6390625 0.5979166666666667 0.11953125 0.11354166666666667
1 0.76171875 0.58125 0.09296875 0.07604166666666666
1 0.840625 0.7333333333333333 0.090625 0.10416666666666667
1 0.5546875 0.5489583333333333 0.1125 0.12604166666666666
0 0.1109375 0.45729166666666665 0.0640625 0.07395833333333333
0 0.24296875 0.34791666666666665 0.05 0.09375
0 0.6875 0.28229166666666666 0.075 0.13125
0 0.4765625 0.32916666666666666 0.0640625 0.115625
0 0.48984375 0.12604166666666666 0.040625 0.07916666666666666
0 0.5375 0.034375 0.04453125 0.06458333333333334
0 0.38984375 0.14166666666666666 0.0484375 0.08125
0 0.45859375 0.026041666666666668 0.046875 0.046875
0 0.27421875 0.190625 0.059375 0.07916666666666666
0 0.375 0.04895833333333333 0.046875 0.084375
0 0.94453125 0.6416666666666667 0.1109375 0.17291666666666666