3 0.21796875 0.5479166666666667 0.0640625 0.07916666666666666
0 0.2125 0.390625 0.075 0.10416666666666667
0 0.1421875 0.3802083333333333 0.090625 0.11875
0 0.10859375 0.24791666666666667 0.053125 0.07604166666666666
0 0.384375 0.24479166666666666 0.04609375 0.09895833333333333
0 0.35 0.21770833333333334 0.046875 0.09375
0 0.6109375 0.5666666666666667 0.0609375 0.115625
0 0.878125 0.434375 0.06640625 0.10833333333333334
0 0.51328125 0.8958333333333334 0.1015625 0.19270833333333334
1 0.61171875 0.8604166666666667 0.0875 0.175
1 0.33828125 0.5729166666666666 0.0765625 0.11875
0 0.41953125 0.4552083333333333 0.046875 0.115625