1 0.671875 0.40208333333333335 0.05546875 0.09375
1 0.90234375 0.6729166666666667 0.12890625 0.15104166666666666
0 0.040625 0.11458333333333333 0.04453125 0.07604166666666666
0 0.30703125 0.2375 0.0390625 0.06875
0 0.3109375 0.16145833333333334 0.03359375 0.06145833333333333
0 0.3359375 0.20833333333333334 0.0359375 0.06666666666666667
3 0.1890625 0.5489583333333333 0.0640625 0.07604166666666666
0 0.171875 0.4583333333333333 0.05546875 0.08125
0 0.25859375 0.5614583333333333 0.071875 0.12604166666666666
0 0.50078125 0.2791666666666667 0.03203125 0.06458333333333334
0 0.54609375 0.3125 0.025 0.057291666666666664
0 0.8375 0.4510416666666667 0.05 0.052083333333333336
0 0.83046875 0.9760416666666667 0.096875 0.046875
0 0.978125 0.9625 0.04296875 0.07395833333333333
0 0.92109375 0.9364583333333333 0.0859375 0.12708333333333333
0 0.43515625 0.7447916666666666 0.07890625 0.16041666666666668
0 0.428125 0.3885416666666667 0.0734375 0.13541666666666666
0 0.39296875 0.5010416666666667 0.0890625 0.15833333333333333
0 0.58671875 0.25729166666666664 0.0265625 0.05416666666666667