0 0.82265625 0.49270833333333336 0.0375 0.06145833333333333
0 0.1390625 0.5427083333333333 0.046875 0.06875
0 0.215625 0.7083333333333334 0.05 0.084375
0 0.4359375 0.7427083333333333 0.053125 0.08854166666666667
0 0.73828125 0.8333333333333334 0.0515625 0.10104166666666667
0 0.7734375 0.5354166666666667 0.04453125 0.06875
0 0.5546875 0.44583333333333336 0.040625 0.06666666666666667
0 0.50546875 0.559375 0.0359375 0.057291666666666664
3 0.4125 0.3458333333333333 0.05546875 0.059375
3 0.896875 0.8552083333333333 0.08359375 0.09583333333333334
0 0.5359375 0.328125 0.03359375 0.05416666666666667