0 0.5890625 0.052083333333333336 0.03359375 0.05416666666666667
0 0.146875 0.6802083333333333 0.0484375 0.07604166666666666
0 0.196875 0.6520833333333333 0.05 0.06875
0 0.2421875 0.828125 0.0625 0.12083333333333333
0 0.28203125 0.640625 0.05 0.09166666666666666
0 0.36484375 0.5677083333333334 0.0515625 0.07395833333333333
0 0.45546875 0.3375 0.0609375 0.115625
0 0.4578125 0.478125 0.065625 0.115625
0 0.70703125 0.22916666666666666 0.125 0.18229166666666666
0 0.49453125 0.7489583333333333 0.08046875 0.140625
0 0.4796875 0.9625 0.090625 0.07395833333333333
3 0.359375 0.8604166666666667 0.0859375 0.10625
1 0.46875 0.6041666666666666 0.0265625 0.11145833333333334
3 0.86796875 0.22395833333333334 0.146875 0.20520833333333333
3 0.975 0.25416666666666665 0.05 0.13854166666666667
3 0.9375 0.590625 0.125 0.23229166666666667
1 0.884375 0.8791666666666667 0.23046875 0.24166666666666667