0 0.5203125 0.2760416666666667 0.0515625 0.09375
0 0.55625 0.2625 0.040625 0.06145833333333333
3 0.96171875 0.2625 0.0625 0.140625
0 0.628125 0.19166666666666668 0.05 0.08125
0 0.66796875 0.16041666666666668 0.04453125 0.05416666666666667
0 0.7328125 0.17916666666666667 0.05703125 0.07604166666666666
0 0.775 0.2520833333333333 0.05 0.09895833333333333
0 0.62578125 0.675 0.05390625 0.19479166666666667
0 0.7234375 0.553125 0.11953125 0.20729166666666668
0 0.815625 0.7041666666666667 0.121875 0.19791666666666666
0 0.3859375 0.70625 0.13359375 0.2375
0 0.18125 0.9604166666666667 0.134375 0.07916666666666666