1 0.2890625 0.9479166666666666 0.0640625 0.10416666666666667
3 0.553125 0.534375 0.05703125 0.09166666666666666
3 0.2953125 0.6447916666666667 0.07109375 0.06875
3 0.34296875 0.975 0.0640625 0.04895833333333333
3 0.39609375 0.9552083333333333 0.053125 0.08854166666666667
3 0.3078125 0.56875 0.06796875 0.07604166666666666
1 0.665625 0.76875 0.10859375 0.140625
3 0.61171875 0.921875 0.1125 0.15520833333333334
3 0.596875 0.39895833333333336 0.0859375 0.12604166666666666
0 0.97109375 0.042708333333333334 0.0578125 0.08125
0 0.16796875 0.5520833333333334 0.04140625 0.071875
0 0.1 0.8125 0.0609375 0.09895833333333333
0 0.56015625 0.6291666666666667 0.08203125 0.11354166666666667
0 0.821875 0.5739583333333333 0.10859375 0.165625
0 0.9421875 0.6520833333333333 0.115625 0.15833333333333333