3 0.42421875 0.5927083333333333 0.04609375 0.084375
1 0.89140625 0.18854166666666666 0.10859375 0.21979166666666666
1 0.821875 0.18541666666666667 0.1109375 0.07395833333333333
1 0.7109375 0.1125 0.0390625 0.18020833333333333
3 0.43203125 0.9 0.0609375 0.08645833333333333
0 0.55546875 0.778125 0.10546875 0.22708333333333333
0 0.47578125 0.5197916666666667 0.059375 0.18541666666666667
0 0.2515625 0.45208333333333334 0.10859375 0.153125
0 0.20390625 0.2708333333333333 0.06640625 0.10104166666666667
0 0.0921875 0.12916666666666668 0.09296875 0.06666666666666667
2 0.3921875 0.28020833333333334 0.02109375 0.057291666666666664