0 0.075 0.052083333333333336 0.09140625 0.09895833333333333
0 0.18828125 0.0375 0.0765625 0.06875
1 0.428125 0.759375 0.11640625 0.12083333333333333
1 0.37265625 0.4947916666666667 0.11796875 0.12083333333333333
1 0.128125 0.11458333333333333 0.1140625 0.12083333333333333
1 0.35859375 0.26875 0.05859375 0.06875
3 0.66171875 0.6270833333333333 0.05703125 0.13333333333333333
3 0.6109375 0.6927083333333334 0.05 0.11145833333333334
3 0.678125 0.8239583333333333 0.071875 0.16041666666666668
3 0.60234375 0.8270833333333333 0.07890625 0.15833333333333333
0 0.7125 0.340625 0.04453125 0.09375
0 0.62421875 0.575 0.059375 0.10416666666666667
0 0.5421875 0.5083333333333333 0.090625 0.18229166666666666
3 0.3890625 0.04583333333333333 0.05546875 0.08645833333333333
3 0.653125 0.12708333333333333 0.046875 0.115625