0 0.45234375 0.15520833333333334 0.0515625 0.08854166666666667
1 0.615625 0.8072916666666666 0.0734375 0.14270833333333333
1 0.26328125 0.6395833333333333 0.059375 0.1625
1 0.234375 0.5260416666666666 0.08203125 0.12395833333333334
3 0.1578125 0.2916666666666667 0.06796875 0.09895833333333333
3 0.3609375 0.3541666666666667 0.078125 0.13541666666666666
1 0.4984375 0.6291666666666667 0.05546875 0.09895833333333333
0 0.4109375 0.6270833333333333 0.078125 0.128125
0 0.80546875 0.9395833333333333 0.0859375 0.12083333333333333
0 0.76796875 0.340625 0.0609375 0.084375
0 0.8359375 0.315625 0.06640625 0.09375
0 0.80859375 0.16875 0.0640625 0.09166666666666666
0 0.684375 0.18020833333333333 0.04609375 0.07916666666666666
0 0.73359375 0.06041666666666667 0.04453125 0.07604166666666666
1 0.353125 0.9520833333333333 0.11796875 0.09583333333333334