1 0.29609375 0.9229166666666667 0.0359375 0.15416666666666667
1 0.246875 0.5677083333333334 0.05390625 0.21770833333333334
1 0.534375 0.5135416666666667 0.0640625 0.11875
1 0.4453125 0.37604166666666666 0.04609375 0.18541666666666667
3 0.415625 0.3416666666666667 0.05859375 0.10104166666666667
3 0.946875 0.7541666666666667 0.1015625 0.15104166666666666
3 0.63984375 0.44583333333333336 0.05703125 0.12083333333333333
3 0.51328125 0.28229166666666666 0.0484375 0.071875
0 0.91875 0.15208333333333332 0.1625 0.21458333333333332
0 0.540625 0.165625 0.09609375 0.153125
0 0.36640625 0.13541666666666666 0.04453125 0.07395833333333333