1 0.44609375 0.278125 0.05 0.057291666666666664
0 0.60078125 0.22916666666666666 0.02890625 0.059375
0 0.565625 0.30104166666666665 0.02890625 0.059375
0 0.515625 0.26666666666666666 0.0390625 0.07916666666666666
0 0.31484375 0.18229166666666666 0.0375 0.06458333333333334
0 0.3109375 0.2604166666666667 0.0390625 0.06666666666666667
0 0.34140625 0.22916666666666666 0.0390625 0.06875
3 0.203125 0.6260416666666667 0.07109375 0.08125
0 0.8859375 0.3802083333333333 0.0609375 0.059375
0 0.44453125 0.39375 0.096875 0.13541666666666666
0 0.42109375 0.5197916666666667 0.103125 0.165625
0 0.4796875 0.7864583333333334 0.0734375 0.165625
1 0.7265625 0.375 0.09140625 0.09895833333333333
1 0.959375 0.6020833333333333 0.08046875 0.153125
3 0.3703125 0.5875 0.05390625 0.09375
0 0.1828125 0.5197916666666667 0.0625 0.09166666666666666
0 0.27890625 0.6239583333333333 0.08359375 0.12604166666666666