1 0.7 0.13229166666666667 0.0390625 0.071875
1 0.61328125 0.1125 0.04296875 0.06145833333333333
1 0.584375 0.19166666666666668 0.034375 0.08645833333333333
1 0.97578125 0.10833333333333334 0.0484375 0.084375
3 0.8484375 0.953125 0.06640625 0.09375
3 0.71484375 0.8322916666666667 0.1015625 0.14791666666666667
3 0.7796875 0.6979166666666666 0.059375 0.09166666666666666
3 0.76953125 0.4041666666666667 0.05 0.08125
3 0.67109375 0.38229166666666664 0.05 0.084375
0 0.778125 0.15520833333333334 0.04453125 0.06875
0 0.3484375 0.846875 0.0859375 0.22708333333333333
0 0.4203125 0.09375 0.04296875 0.06875
0 0.30859375 0.128125 0.046875 0.05416666666666667
1 0.43046875 0.26458333333333334 0.08046875 0.06458333333333334