2 0.75625 0.90625 0.0515625 0.08854166666666667
1 0.3359375 0.7604166666666666 0.09140625 0.17291666666666666
1 0.42578125 0.475 0.0765625 0.10104166666666667
1 0.43046875 0.5260416666666666 0.075 0.09895833333333333
1 0.43125 0.6416666666666667 0.059375 0.08854166666666667
1 0.27421875 0.953125 0.084375 0.09375
0 0.19375 0.9260416666666667 0.090625 0.128125
0 0.296875 0.7322916666666667 0.0625 0.12604166666666666
0 0.315625 0.5572916666666666 0.084375 0.14583333333333334
0 0.325 0.321875 0.05546875 0.071875
0 0.24921875 0.475 0.040625 0.06666666666666667
0 0.171875 0.36875 0.0640625 0.10104166666666667
0 0.2296875 0.23854166666666668 0.05390625 0.10104166666666667
0 0.1640625 0.21770833333333334 0.046875 0.07916666666666666
1 0.43125 0.3489583333333333 0.040625 0.09583333333333334
1 0.5640625 0.11875 0.05546875 0.153125
1 0.64140625 0.05520833333333333 0.096875 0.10625
1 0.646875 0.21875 0.05546875 0.165625