1 0.453125 0.9395833333333333 0.065625 0.12083333333333333
1 0.07265625 0.940625 0.0984375 0.10833333333333334
1 0.184375 0.9322916666666666 0.1 0.13541666666666666
1 0.3 0.9354166666666667 0.0359375 0.128125
0 0.41484375 0.5916666666666667 0.05390625 0.10104166666666667
0 0.35859375 0.44166666666666665 0.0640625 0.10416666666666667
0 0.14921875 0.6572916666666667 0.0625 0.09375
0 0.6359375 0.321875 0.03359375 0.06666666666666667
0 0.775 0.384375 0.03359375 0.071875
0 0.91953125 0.4666666666666667 0.05 0.06458333333333334
0 0.165625 0.2760416666666667 0.0609375 0.10416666666666667
0 0.13515625 0.1875 0.0625 0.08854166666666667
0 0.16015625 0.128125 0.05703125 0.084375
0 0.0359375 0.1375 0.06953125 0.11145833333333334