3 0.35625 0.06145833333333333 0.07890625 0.09895833333333333
0 0.103125 0.03854166666666667 0.053125 0.071875
0 0.103125 0.13229166666666667 0.05703125 0.10625
0 0.121875 0.2625 0.0640625 0.09166666666666666
0 0.1328125 0.5239583333333333 0.07109375 0.10416666666666667
0 0.22734375 0.5541666666666667 0.05703125 0.12083333333333333
0 0.353125 0.621875 0.0984375 0.14791666666666667
1 0.33046875 0.19166666666666668 0.096875 0.10625
0 0.4171875 0.40625 0.10390625 0.2
0 0.51328125 0.15729166666666666 0.0875 0.18020833333333333
0 0.696875 0.09270833333333334 0.13046875 0.18020833333333333
0 0.93828125 0.06041666666666667 0.09296875 0.115625