3 0.60546875 0.4666666666666667 0.046875 0.06875
3 0.43515625 0.275 0.0875 0.13125
3 0.49453125 0.61875 0.09140625 0.15104166666666666
3 0.56171875 0.7145833333333333 0.0765625 0.140625
3 0.096875 0.24583333333333332 0.08359375 0.12604166666666666
0 0.4765625 0.04791666666666667 0.06953125 0.09166666666666666
0 0.5140625 0.37916666666666665 0.075 0.13125
0 0.63515625 0.3489583333333333 0.05703125 0.09166666666666666
1 0.615625 0.6989583333333333 0.06796875 0.14791666666666667
1 0.32734375 0.3614583333333333 0.0875 0.13541666666666666
0 0.3515625 0.8385416666666666 0.1359375 0.209375
0 0.50234375 0.9770833333333333 0.0796875 0.04583333333333333
0 0.790625 0.9635416666666666 0.121875 0.07291666666666667
1 0.83671875 0.8916666666666667 0.059375 0.13854166666666667
0 0.915625 0.19166666666666668 0.16796875 0.19479166666666667