0 0.55703125 0.234375 0.028125 0.059375
0 0.5171875 0.30104166666666665 0.03203125 0.05416666666666667
0 0.5265625 0.340625 0.0390625 0.04479166666666667
0 0.2515625 0.12083333333333333 0.04140625 0.05416666666666667
0 0.240625 0.209375 0.040625 0.06458333333333334
0 0.278125 0.18229166666666666 0.04453125 0.07395833333333333
0 0.84140625 0.47604166666666664 0.046875 0.06875
0 0.4671875 0.2677083333333333 0.04296875 0.071875
3 0.0671875 0.6739583333333333 0.10703125 0.11354166666666667
0 0.0546875 0.5322916666666667 0.09296875 0.14583333333333334
0 0.3859375 0.43333333333333335 0.103125 0.165625
3 0.290625 0.6135416666666667 0.07109375 0.10104166666666667
0 0.4046875 0.9083333333333333 0.115625 0.18229166666666666
0 0.17109375 0.6791666666666667 0.1140625 0.1625
1 0.71171875 0.47291666666666665 0.06796875 0.10625
1 0.9328125 0.9666666666666667 0.134375 0.06666666666666667
1 0.9515625 0.7770833333333333 0.096875 0.18333333333333332
0 0.346875 0.5760416666666667 0.1140625 0.190625