0 0.234375 0.9427083333333334 0.09296875 0.11354166666666667
0 0.0375 0.9520833333333333 0.071875 0.09583333333333334
0 0.1375 0.4354166666666667 0.06640625 0.11145833333333334
0 0.46953125 0.45729166666666665 0.04140625 0.11354166666666667
0 0.534375 0.8322916666666667 0.078125 0.153125
0 0.52109375 0.32395833333333335 0.028125 0.07395833333333333
0 0.5265625 0.24895833333333334 0.04140625 0.06458333333333334
0 0.56328125 0.22083333333333333 0.04609375 0.08645833333333333
0 0.69375 0.25416666666666665 0.0515625 0.07916666666666666
0 0.95390625 0.5864583333333333 0.09140625 0.18541666666666667
0 0.9140625 0.8322916666666667 0.11953125 0.221875