3 0.6125 0.075 0.03359375 0.07604166666666666
3 0.55 0.29583333333333334 0.04140625 0.05416666666666667
0 0.0796875 0.35520833333333335 0.040625 0.05416666666666667
0 0.68046875 0.840625 0.0640625 0.09583333333333334
0 0.74765625 0.771875 0.06796875 0.08645833333333333
0 0.3390625 0.8677083333333333 0.05859375 0.071875
0 0.42890625 0.7614583333333333 0.05546875 0.09166666666666666
0 0.51015625 0.6604166666666667 0.04609375 0.08645833333333333
0 0.6078125 0.675 0.05390625 0.09166666666666666
0 0.596875 0.390625 0.05546875 0.07916666666666666
0 0.75546875 0.0625 0.06953125 0.12083333333333333