0 0.96171875 0.34270833333333334 0.0765625 0.15833333333333333
0 0.540625 0.09270833333333334 0.03046875 0.06666666666666667
0 0.578125 0.029166666666666667 0.02890625 0.05416666666666667
0 0.53203125 0.18645833333333334 0.046875 0.11145833333333334
0 0.7328125 0.6927083333333334 0.08203125 0.15520833333333334
0 0.59765625 0.440625 0.0875 0.13125
0 0.89296875 0.9375 0.0859375 0.125
0 0.74296875 0.8625 0.0859375 0.12604166666666666
0 0.22890625 0.19270833333333334 0.0609375 0.11354166666666667
0 0.184375 0.609375 0.06796875 0.09895833333333333
0 0.11328125 0.728125 0.1015625 0.13333333333333333