0 0.7515625 0.7864583333333334 0.04453125 0.071875
0 0.88046875 0.8479166666666667 0.05546875 0.09583333333333334
3 0.4078125 0.5604166666666667 0.059375 0.09375
3 0.27109375 0.9333333333333333 0.1359375 0.13333333333333333
0 0.5359375 0.653125 0.046875 0.115625
0 0.5546875 0.5625 0.040625 0.084375
0 0.72578125 0.9666666666666667 0.05703125 0.06666666666666667
0 0.61015625 0.9770833333333333 0.0421875 0.04583333333333333
0 0.565625 0.8822916666666667 0.04140625 0.07604166666666666
0 0.51796875 0.928125 0.053125 0.084375
0 0.45 0.490625 0.075 0.115625
0 0.57578125 0.2552083333333333 0.04609375 0.07604166666666666
0 0.365625 0.221875 0.0609375 0.10416666666666667
0 0.30625 0.3260416666666667 0.07109375 0.11875
0 0.3234375 0.5072916666666667 0.09140625 0.16041666666666668
0 0.2015625 0.7041666666666667 0.121875 0.17291666666666666
0 0.065625 0.6864583333333333 0.128125 0.221875