0 0.74453125 0.14583333333333334 0.0390625 0.06875
0 0.1953125 0.5947916666666667 0.07109375 0.16770833333333332
1 0.2015625 0.7947916666666667 0.096875 0.18229166666666666
0 0.6859375 0.95625 0.096875 0.0875
0 0.77265625 0.809375 0.07890625 0.16770833333333332
0 0.72265625 0.5479166666666667 0.0984375 0.16770833333333332
0 0.47265625 0.39895833333333336 0.10703125 0.140625
0 0.9703125 0.26458333333333334 0.059375 0.13854166666666667
0 0.890625 0.2760416666666667 0.0484375 0.06875
0 0.859375 0.3145833333333333 0.05546875 0.09166666666666666
0 0.6703125 0.13333333333333333 0.0484375 0.06458333333333334
0 0.7 0.1875 0.0609375 0.09895833333333333
0 0.70859375 0.26875 0.04140625 0.10416666666666667
0 0.89921875 0.175 0.0484375 0.06875