1 0.89453125 0.8145833333333333 0.05 0.153125
1 0.8453125 0.7520833333333333 0.0484375 0.10625
2 0.58984375 0.7208333333333333 0.034375 0.03958333333333333
1 0.47734375 0.7520833333333333 0.04609375 0.17083333333333334
1 0.42890625 0.8614583333333333 0.09453125 0.11875
0 0.3625 0.035416666666666666 0.0359375 0.06145833333333333
3 0.43359375 0.6447916666666667 0.06953125 0.10833333333333334
0 0.62109375 0.121875 0.03046875 0.052083333333333336
0 0.8421875 0.11979166666666667 0.04609375 0.09583333333333334
0 0.96328125 0.9072916666666667 0.06796875 0.13125
0 0.63828125 0.5677083333333334 0.065625 0.13854166666666667
3 0.54453125 0.47604166666666664 0.05546875 0.10416666666666667