3 0.48359375 0.35520833333333335 0.06953125 0.07395833333333333
0 0.56640625 0.83125 0.08359375 0.234375
3 0.4890625 0.80625 0.08046875 0.2
3 0.68046875 0.7729166666666667 0.078125 0.13854166666666667
3 0.0359375 0.09895833333333333 0.06953125 0.09895833333333333
3 0.11015625 0.12395833333333334 0.084375 0.09895833333333333
0 0.01640625 0.22083333333333333 0.03046875 0.115625
0 0.190625 0.23229166666666667 0.08359375 0.13854166666666667
0 0.146875 0.534375 0.10703125 0.20520833333333333
0 0.50703125 0.48541666666666666 0.0609375 0.13541666666666666
0 0.9640625 0.9302083333333333 0.071875 0.13958333333333334
0 0.86875 0.9552083333333333 0.13203125 0.08854166666666667
0 0.878125 0.7270833333333333 0.1 0.15104166666666666
0 0.8125 0.73125 0.0640625 0.11354166666666667
0 0.771875 0.15520833333333334 0.04453125 0.084375
0 0.759375 0.07916666666666666 0.0515625 0.084375
0 0.72109375 0.16770833333333332 0.046875 0.084375
0 0.328125 0.04895833333333333 0.040625 0.09375
0 0.978125 0.4552083333333333 0.04296875 0.11145833333333334