0 0.415625 0.8520833333333333 0.0484375 0.09895833333333333
0 0.134375 0.5427083333333333 0.0515625 0.09375
0 0.42734375 0.453125 0.03203125 0.041666666666666664
0 0.4359375 0.3854166666666667 0.03359375 0.06458333333333334
0 0.05234375 0.9322916666666666 0.09296875 0.13541666666666666
0 0.28984375 0.6385416666666667 0.05390625 0.09583333333333334
0 0.51953125 0.50625 0.03046875 0.06875
0 0.43515625 0.725 0.0375 0.08645833333333333
0 0.803125 0.17291666666666666 0.06953125 0.12395833333333334
0 0.553125 0.20729166666666668 0.03359375 0.06458333333333334
0 0.14765625 0.38229166666666664 0.040625 0.06875
3 0.93125 0.6979166666666666 0.1375 0.23958333333333334
0 0.91484375 0.5604166666666667 0.1125 0.09895833333333333