0 0.8734375 0.1125 0.05859375 0.09166666666666666
1 0.81640625 0.19479166666666667 0.071875 0.07395833333333333
1 0.78046875 0.08854166666666667 0.0609375 0.06458333333333334
1 0.30703125 0.23333333333333334 0.09453125 0.09166666666666666
0 0.1109375 0.28229166666666666 0.1 0.16041666666666668
0 0.1546875 0.5041666666666667 0.10703125 0.221875
0 0.80859375 0.35208333333333336 0.1 0.12083333333333333
0 0.871875 0.2677083333333333 0.0890625 0.14583333333333334
0 0.97109375 0.2875 0.0578125 0.175
0 0.921875 0.528125 0.15546875 0.315625
0 0.4875 0.29791666666666666 0.06640625 0.11145833333333334
0 0.62578125 0.53125 0.109375 0.2375
3 0.54453125 0.51875 0.09140625 0.14791666666666667
2 0.72421875 0.6072916666666667 0.0625 0.07916666666666666
3 0.69609375 0.49270833333333336 0.08046875 0.115625