3 0.02734375 0.146875 0.0515625 0.07604166666666666
3 0.0640625 0.36041666666666666 0.125 0.19270833333333334
3 0.4734375 0.15520833333333334 0.078125 0.10833333333333334
3 0.68203125 0.4125 0.08359375 0.128125
3 0.72578125 0.23125 0.065625 0.09583333333333334
3 0.61171875 0.051041666666666666 0.04296875 0.071875
1 0.509375 0.2791666666666667 0.0515625 0.16770833333333332
1 0.54765625 0.18645833333333334 0.0765625 0.11145833333333334
0 0.80234375 0.06458333333333334 0.06796875 0.12395833333333334
0 0.90390625 0.078125 0.05546875 0.09583333333333334
0 0.36953125 0.0375 0.04453125 0.06875