0 0.2875 0.10729166666666666 0.053125 0.09583333333333334
0 0.30390625 0.39375 0.0609375 0.10625
0 0.2578125 0.4395833333333333 0.04609375 0.07916666666666666
0 0.27109375 0.309375 0.0640625 0.10625
0 0.284375 0.23229166666666667 0.05546875 0.07916666666666666
0 0.1765625 0.2947916666666667 0.0609375 0.09166666666666666
0 0.096875 0.26875 0.06796875 0.084375
0 0.10859375 0.44895833333333335 0.08359375 0.12395833333333334
0 0.32890625 0.815625 0.06640625 0.115625
0 0.5125 0.5270833333333333 0.0890625 0.12604166666666666
0 0.625 0.128125 0.0359375 0.04895833333333333
0 0.9875 0.2875 0.025 0.09166666666666666
0 0.81015625 0.271875 0.04296875 0.07916666666666666
0 0.590625 0.6791666666666667 0.07109375 0.11875