1 0.06171875 0.6604166666666667 0.115625 0.09583333333333334
0 0.459375 0.2 0.0609375 0.11354166666666667
0 0.06484375 0.340625 0.05703125 0.07395833333333333
3 0.86796875 0.6729166666666667 0.1 0.13125
3 0.28125 0.5270833333333333 0.06796875 0.09583333333333334
3 0.14765625 0.4270833333333333 0.0515625 0.059375
0 0.65390625 0.41875 0.06640625 0.10625
0 0.1109375 0.96875 0.06640625 0.06145833333333333
0 0.6875 0.12708333333333333 0.096875 0.13541666666666666
0 0.159375 0.5572916666666666 0.040625 0.046875
0 0.10546875 0.53125 0.05859375 0.07395833333333333