0 0.5515625 0.9354166666666667 0.05546875 0.11354166666666667
0 0.15546875 0.9291666666666667 0.13359375 0.140625
0 0.56796875 0.5791666666666667 0.06953125 0.10104166666666667
0 0.2859375 0.6416666666666667 0.0859375 0.14270833333333333
0 0.2671875 0.5385416666666667 0.0734375 0.10416666666666667
0 0.134375 0.20104166666666667 0.06640625 0.10625
0 0.059375 0.05416666666666667 0.06796875 0.10416666666666667
0 0.3953125 0.47291666666666665 0.034375 0.057291666666666664
0 0.353125 0.5510416666666667 0.05703125 0.06875
0 0.41796875 0.5875 0.053125 0.10833333333333334
0 0.56640625 0.7875 0.0640625 0.09375
0 0.521875 0.38229166666666664 0.03203125 0.05416666666666667