0 0.1140625 0.909375 0.13046875 0.18020833333333333
0 0.22109375 0.4739583333333333 0.071875 0.13333333333333333
0 0.32578125 0.4083333333333333 0.0484375 0.06666666666666667
0 0.159375 0.22395833333333334 0.065625 0.09583333333333334
0 0.43671875 0.20625 0.090625 0.13125
0 0.3640625 0.7885416666666667 0.10859375 0.22916666666666666
0 0.221875 0.9520833333333333 0.0609375 0.09583333333333334
1 0.82578125 0.17083333333333334 0.090625 0.10833333333333334
3 0.934375 0.18854166666666666 0.10546875 0.12604166666666666
3 0.140625 0.44166666666666665 0.078125 0.10416666666666667
1 0.0515625 0.5520833333333334 0.1 0.10625
3 0.22578125 0.6791666666666667 0.07109375 0.13333333333333333
1 0.55859375 0.9364583333333333 0.1078125 0.12708333333333333
1 0.45625 0.7135416666666666 0.059375 0.19791666666666666
1 0.45 0.9166666666666666 0.053125 0.16666666666666666