1 0.725 0.08645833333333333 0.0640625 0.16770833333333332
1 0.3875 0.60625 0.103125 0.18541666666666667
1 0.47890625 0.19895833333333332 0.046875 0.09583333333333334
1 0.4671875 0.34270833333333334 0.0734375 0.11875
1 0.47109375 0.39166666666666666 0.08046875 0.11145833333333334
1 0.48515625 0.509375 0.0515625 0.12083333333333333
1 0.325 0.8520833333333333 0.071875 0.1625
0 0.28203125 0.9572916666666667 0.1046875 0.08541666666666667
0 0.2390625 0.78125 0.0890625 0.15520833333333334
0 0.3390625 0.5927083333333333 0.06953125 0.13333333333333333
0 0.3609375 0.40625 0.09140625 0.16041666666666668
0 0.290625 0.31875 0.04296875 0.07916666666666666
0 0.21328125 0.19166666666666668 0.06796875 0.115625
0 0.365625 0.15729166666666666 0.053125 0.071875
0 0.26484375 0.058333333333333334 0.05390625 0.11145833333333334
0 0.20078125 0.03854166666666667 0.0515625 0.071875
2 0.8359375 0.8427083333333333 0.0640625 0.09583333333333334