0 0.21328125 0.40208333333333335 0.02890625 0.04479166666666667
0 0.3078125 0.2760416666666667 0.0515625 0.06458333333333334
0 0.39375 0.31145833333333334 0.04296875 0.07395833333333333
0 0.55078125 0.6239583333333333 0.059375 0.10625
0 0.5 0.8010416666666667 0.06640625 0.115625
0 0.28046875 0.7291666666666666 0.05 0.09166666666666666
0 0.159375 0.8791666666666667 0.05703125 0.07395833333333333
0 0.83671875 0.5322916666666667 0.05390625 0.10625
0 0.8984375 0.4822916666666667 0.046875 0.071875
3 0.128125 0.49166666666666664 0.04453125 0.07395833333333333
3 0.45234375 0.5885416666666666 0.040625 0.06666666666666667
3 0.33125 0.471875 0.040625 0.059375
0 0.51015625 0.0375 0.040625 0.06458333333333334
0 0.615625 0.146875 0.021875 0.057291666666666664
0 0.5390625 0.3333333333333333 0.0390625 0.04479166666666667