0 0.44140625 0.075 0.028125 0.0375
3 0.22421875 0.3333333333333333 0.13203125 0.07916666666666666
3 0.565625 0.953125 0.090625 0.09375
0 0.753125 0.7645833333333333 0.046875 0.10104166666666667
0 0.7609375 0.6739583333333333 0.0359375 0.084375
0 0.684375 0.59375 0.059375 0.10625
0 0.76953125 0.37395833333333334 0.046875 0.07604166666666666
0 0.58359375 0.3572916666666667 0.05546875 0.09166666666666666
0 0.553125 0.44895833333333335 0.05703125 0.10833333333333334
0 0.58671875 0.609375 0.0984375 0.13854166666666667
0 0.49921875 0.7625 0.090625 0.14270833333333333
0 0.4015625 0.7291666666666666 0.10859375 0.16041666666666668
0 0.3171875 0.6479166666666667 0.12109375 0.21458333333333332