0 0.3046875 0.11875 0.04609375 0.07916666666666666
0 0.74765625 0.44895833333333335 0.034375 0.06458333333333334
0 0.1484375 0.340625 0.075 0.11875
0 0.315625 0.29583333333333334 0.06953125 0.14270833333333333
0 0.5765625 0.10729166666666666 0.071875 0.09166666666666666
0 0.3484375 0.5083333333333333 0.04140625 0.08854166666666667
0 0.40625 0.13229166666666667 0.03203125 0.071875
3 0.17890625 0.6145833333333334 0.09453125 0.12395833333333334
3 0.3671875 0.4427083333333333 0.05703125 0.071875
3 0.85703125 0.28125 0.046875 0.09375
0 0.95546875 0.9489583333333333 0.0890625 0.10104166666666667