1 0.06484375 0.2708333333333333 0.1265625 0.140625
1 0.65078125 0.7447916666666666 0.07890625 0.20520833333333333
1 0.70703125 0.6052083333333333 0.06640625 0.15833333333333333
0 0.63515625 0.19270833333333334 0.05703125 0.11354166666666667
0 0.709375 0.221875 0.0484375 0.09895833333333333
0 0.7828125 0.78125 0.1515625 0.259375
0 0.65234375 0.959375 0.1234375 0.08125
0 0.61328125 0.38125 0.065625 0.115625
0 0.53671875 0.48541666666666666 0.0765625 0.140625
0 0.3890625 0.50625 0.11953125 0.17291666666666666
0 0.1390625 0.6489583333333333 0.121875 0.19270833333333334
0 0.1640625 0.8614583333333333 0.1609375 0.221875