0 0.28125 0.08854166666666667 0.03203125 0.06458333333333334
0 0.065625 0.18541666666666667 0.046875 0.08854166666666667
0 0.03125 0.290625 0.059375 0.09166666666666666
1 0.5328125 0.4 0.06796875 0.07395833333333333
1 0.5765625 0.5260416666666666 0.078125 0.06875
3 0.34765625 0.3416666666666667 0.04609375 0.08125
3 0.34765625 0.21979166666666666 0.04296875 0.06875
3 0.3890625 0.2864583333333333 0.046875 0.07916666666666666
3 0.75625 0.18541666666666667 0.0375 0.06875
3 0.6390625 0.3489583333333333 0.05859375 0.10104166666666667
3 0.709375 0.36770833333333336 0.0390625 0.07916666666666666
3 0.73203125 0.5083333333333333 0.075 0.07395833333333333
3 0.78359375 0.4739583333333333 0.071875 0.08854166666666667
3 0.72890625 0.428125 0.0640625 0.06666666666666667
3 0.759375 0.384375 0.06796875 0.06666666666666667
0 0.7484375 0.6479166666666667 0.09453125 0.11145833333333334
3 0.128125 0.953125 0.08046875 0.09375