0 0.646875 0.490625 0.08359375 0.12604166666666666
3 0.53984375 0.058333333333333334 0.04296875 0.041666666666666664
1 0.540625 0.10520833333333333 0.03359375 0.041666666666666664
1 0.515625 0.16145833333333334 0.034375 0.09166666666666666
1 0.68125 0.09270833333333334 0.0625 0.052083333333333336
1 0.615625 0.07083333333333333 0.0515625 0.052083333333333336
3 0.63671875 0.59375 0.04296875 0.07604166666666666
3 0.40703125 0.9364583333333333 0.0890625 0.12708333333333333
0 0.74296875 0.9354166666666667 0.1109375 0.128125
0 0.2640625 0.053125 0.046875 0.06145833333333333
0 0.2640625 0.6135416666666667 0.0640625 0.20520833333333333
3 0.66796875 0.8041666666666667 0.04140625 0.12083333333333333
3 0.57890625 0.6822916666666666 0.075 0.14583333333333334
0 0.684375 0.16458333333333333 0.0484375 0.06145833333333333
3 0.6453125 0.34479166666666666 0.034375 0.06145833333333333
3 0.56796875 0.33125 0.053125 0.06458333333333334
3 0.83671875 0.37916666666666665 0.084375 0.07604166666666666
0 0.23671875 0.43333333333333335 0.03203125 0.10625
1 0.85625 0.18125 0.0484375 0.12083333333333333
1 0.3734375 0.19583333333333333 0.0859375 0.06145833333333333
0 0.3671875 0.04791666666666667 0.04296875 0.071875
1 0.96484375 0.578125 0.065625 0.14791666666666667