3 0.17421875 0.24791666666666667 0.12890625 0.21458333333333332
3 0.9390625 0.9395833333333333 0.121875 0.12083333333333333
0 0.68203125 0.01875 0.04140625 0.03229166666666667
0 0.609375 0.10416666666666667 0.05546875 0.10416666666666667
0 0.7515625 0.17604166666666668 0.05859375 0.13125
0 0.7109375 0.40208333333333335 0.06953125 0.12395833333333334
0 0.78203125 0.38645833333333335 0.075 0.12083333333333333
0 0.975 0.7239583333333334 0.05 0.09895833333333333
0 0.9484375 0.5802083333333333 0.05859375 0.11354166666666667
0 0.428125 0.709375 0.09140625 0.18541666666666667
0 0.23828125 0.7791666666666667 0.115625 0.21458333333333332