0 0.9 0.5885416666666666 0.05 0.07604166666666666
1 0.11328125 0.95 0.1640625 0.1
1 0.465625 0.753125 0.07890625 0.221875
3 0.8421875 0.7479166666666667 0.0984375 0.1875
0 0.2265625 0.4625 0.1140625 0.20520833333333333
0 0.396875 0.44479166666666664 0.084375 0.178125
0 0.63984375 0.94375 0.1015625 0.1125
0 0.89296875 0.4625 0.05546875 0.10104166666666667
0 0.7484375 0.23958333333333334 0.06953125 0.11875
0 0.6765625 0.24270833333333333 0.0640625 0.12083333333333333
0 0.7375 0.05520833333333333 0.06953125 0.10625
0 0.95703125 0.746875 0.04453125 0.09583333333333334
3 0.190625 0.05416666666666667 0.125 0.10416666666666667