1 0.4703125 0.928125 0.09609375 0.14270833333333333
0 0.77734375 0.353125 0.065625 0.13854166666666667
0 0.98203125 0.34270833333333334 0.0359375 0.10833333333333334
3 0.98203125 0.25833333333333336 0.0359375 0.08125
3 0.66796875 0.18541666666666667 0.0609375 0.084375
3 0.6078125 0.2 0.04296875 0.084375
3 0.653125 0.28125 0.0484375 0.10416666666666667
0 0.74375 0.26666666666666666 0.065625 0.11354166666666667
0 0.57578125 0.13125 0.0515625 0.07395833333333333
0 0.50625 0.25729166666666664 0.065625 0.13854166666666667
0 0.046875 0.38229166666666664 0.09140625 0.1625
0 0.19921875 0.815625 0.115625 0.21979166666666666
0 0.30390625 0.90625 0.10859375 0.1875
0 0.57890625 0.8864583333333333 0.09140625 0.20208333333333334
0 0.696875 0.8479166666666667 0.1359375 0.259375