1 0.9703125 0.9010416666666666 0.059375 0.19791666666666666
1 0.88984375 0.68125 0.05390625 0.17291666666666666
3 0.4859375 0.4270833333333333 0.078125 0.09375
3 0.04765625 0.390625 0.09296875 0.07395833333333333
3 0.16796875 0.41458333333333336 0.096875 0.128125
3 0.346875 0.540625 0.05859375 0.07916666666666666
0 0.82890625 0.5177083333333333 0.071875 0.140625
0 0.49921875 0.2916666666666667 0.05703125 0.09895833333333333
0 0.43828125 0.04791666666666667 0.05390625 0.09166666666666666
0 0.21640625 0.22708333333333333 0.071875 0.11875
0 0.13359375 0.20104166666666667 0.071875 0.09583333333333334
0 0.06484375 0.290625 0.084375 0.115625
1 0.48984375 0.7458333333333333 0.059375 0.20729166666666668
1 0.46875 0.8958333333333334 0.10390625 0.20729166666666668