0 0.71015625 0.11458333333333333 0.04609375 0.07604166666666666
0 0.934375 0.2708333333333333 0.07109375 0.12083333333333333
0 0.80234375 0.26666666666666666 0.05703125 0.09895833333333333
0 0.76484375 0.34479166666666666 0.07890625 0.09583333333333334
0 0.7078125 0.26875 0.0625 0.08854166666666667
0 0.4890625 0.18229166666666666 0.046875 0.06458333333333334
0 0.08359375 0.32083333333333336 0.06953125 0.128125
0 0.090625 0.421875 0.046875 0.084375
0 0.2375 0.6010416666666667 0.13359375 0.234375
0 0.3921875 0.9677083333333333 0.09296875 0.06458333333333334
3 0.14296875 0.953125 0.08046875 0.09375
1 0.58125 0.25416666666666665 0.1125 0.10416666666666667
1 0.7125 0.48854166666666665 0.11953125 0.09375