0 0.28515625 0.40520833333333334 0.034375 0.059375
3 0.1234375 0.5458333333333333 0.06640625 0.06875
3 0.16015625 0.39166666666666666 0.04296875 0.06145833333333333
1 0.48828125 0.7270833333333333 0.0515625 0.13541666666666666
1 0.11015625 0.6552083333333333 0.059375 0.06145833333333333
2 0.553125 0.9625 0.02890625 0.07395833333333333
2 0.446875 0.946875 0.046875 0.06666666666666667
2 0.69375 0.86875 0.03203125 0.05416666666666667
2 0.5328125 0.8625 0.015625 0.041666666666666664
2 0.4953125 0.8427083333333333 0.02890625 0.03229166666666667
2 0.634375 0.9020833333333333 0.02890625 0.052083333333333336
2 0.34296875 0.884375 0.021875 0.03958333333333333
3 0.62578125 0.6354166666666666 0.115625 0.15104166666666666
0 0.7609375 0.325 0.046875 0.09583333333333334
0 0.596875 0.7760416666666666 0.0640625 0.11145833333333334
0 0.38125 0.534375 0.040625 0.06666666666666667
0 0.28203125 0.759375 0.053125 0.071875
1 0.1046875 0.31145833333333334 0.02890625 0.084375
1 0.8421875 0.8760416666666667 0.0765625 0.06875
1 0.546875 0.44895833333333335 0.05859375 0.059375
1 0.03828125 0.80625 0.05703125 0.13125
1 0.23125 0.575 0.07109375 0.06875
1 0.315625 0.5864583333333333 0.06640625 0.06145833333333333
3 0.8640625 0.9541666666666667 0.0609375 0.08125
0 0.5578125 0.046875 0.0515625 0.08854166666666667