0 0.0796875 0.7572916666666667 0.0484375 0.09166666666666666
0 0.2125 0.6125 0.03359375 0.07916666666666666
0 0.1421875 0.7041666666666667 0.04296875 0.084375
0 0.62578125 0.5958333333333333 0.0515625 0.09583333333333334
0 0.91171875 0.328125 0.06796875 0.09375
0 0.85390625 0.21875 0.0359375 0.08645833333333333
0 0.30859375 0.028125 0.028125 0.041666666666666664
0 0.40078125 0.065625 0.0765625 0.09583333333333334
0 0.6 0.027083333333333334 0.0359375 0.04895833333333333
0 0.659375 0.17916666666666667 0.05390625 0.08645833333333333
0 0.58671875 0.26875 0.0375 0.08854166666666667
0 0.5171875 0.17083333333333334 0.04296875 0.059375
0 0.421875 0.153125 0.040625 0.06875
0 0.30625 0.3802083333333333 0.034375 0.06875
0 0.30546875 0.5927083333333333 0.04453125 0.059375