0 0.046875 0.9270833333333334 0.0875 0.14583333333333334
0 0.1578125 0.940625 0.1265625 0.11875
0 0.2859375 0.859375 0.09140625 0.13333333333333333
0 0.371875 0.93125 0.10859375 0.128125
0 0.5 0.95625 0.103125 0.0875
3 0.375 0.6177083333333333 0.06640625 0.128125
3 0.2890625 0.740625 0.0890625 0.11354166666666667
3 0.459375 0.778125 0.13046875 0.178125
1 0.78671875 0.5145833333333333 0.115625 0.225
1 0.58515625 0.771875 0.115625 0.115625
1 0.5296875 0.43333333333333335 0.084375 0.08645833333333333
2 0.9046875 0.6822916666666666 0.0515625 0.10104166666666667