3 0.85625 0.3614583333333333 0.05703125 0.08645833333333333
3 0.609375 0.6052083333333333 0.08359375 0.11354166666666667
0 0.175 0.3 0.04140625 0.08125
0 0.26015625 0.3802083333333333 0.0515625 0.09375
0 0.2265625 0.29270833333333335 0.05546875 0.09166666666666666
0 0.25390625 0.06875 0.06953125 0.12395833333333334
0 0.98203125 0.23958333333333334 0.0359375 0.07916666666666666
0 0.97265625 0.15416666666666667 0.05390625 0.08125
0 0.940625 0.06458333333333334 0.07109375 0.084375
0 0.87421875 0.1625 0.059375 0.08854166666666667
0 0.803125 0.18645833333333334 0.0609375 0.09166666666666666
0 0.71171875 0.11875 0.04609375 0.06458333333333334
0 0.684375 0.23541666666666666 0.04140625 0.06145833333333333
0 0.63125 0.2125 0.0515625 0.084375
0 0.5828125 0.20729166666666668 0.0484375 0.084375
0 0.61953125 0.328125 0.0640625 0.09375
0 0.5046875 0.36770833333333336 0.0515625 0.10416666666666667
0 0.409375 0.4583333333333333 0.0515625 0.07604166666666666
0 0.321875 0.58125 0.05390625 0.08125
0 0.3984375 0.5875 0.046875 0.08854166666666667
0 0.709375 0.7739583333333333 0.09140625 0.14583333333333334
0 0.528125 0.6645833333333333 0.07109375 0.12395833333333334
0 0.3 0.83125 0.096875 0.15104166666666666