3 0.75234375 0.5447916666666667 0.040625 0.08125
3 0.70546875 0.5239583333333333 0.046875 0.05416666666666667
1 0.6328125 0.853125 0.07109375 0.09166666666666666
3 0.70859375 0.9135416666666667 0.075 0.1625
3 0.609375 0.46145833333333336 0.06796875 0.11875
1 0.4546875 0.39375 0.06796875 0.09166666666666666
3 0.39140625 0.384375 0.046875 0.08645833333333333
3 0.2953125 0.4270833333333333 0.0765625 0.09375
0 0.61640625 0.21458333333333332 0.06953125 0.128125
0 0.7109375 0.44166666666666665 0.05859375 0.08854166666666667
0 0.66875 0.3375 0.05703125 0.09166666666666666
0 0.5828125 0.33958333333333335 0.059375 0.09166666666666666
0 0.51953125 0.3645833333333333 0.046875 0.10104166666666667
0 0.50234375 0.27395833333333336 0.059375 0.09375
0 0.21796875 0.090625 0.06640625 0.10625