0 0.8140625 0.3125 0.025 0.03229166666666667
0 0.91953125 0.240625 0.01953125 0.041666666666666664
0 0.9015625 0.378125 0.03359375 0.04895833333333333
0 0.8796875 0.321875 0.065625 0.071875
0 0.05234375 0.946875 0.04296875 0.07604166666666666
0 0.23203125 0.553125 0.028125 0.03958333333333333
0 0.26875 0.590625 0.0265625 0.04479166666666667
0 0.1421875 0.7479166666666667 0.02890625 0.04479166666666667
0 0.2734375 0.7708333333333334 0.03359375 0.04895833333333333
0 0.8234375 0.6885416666666667 0.03046875 0.05416666666666667
0 0.815625 0.5489583333333333 0.03046875 0.057291666666666664
0 0.696875 0.98125 0.0359375 0.0375
0 0.646875 0.9833333333333333 0.034375 0.03333333333333333
0 0.546875 0.9708333333333333 0.04375 0.058333333333333334