0 0.75625 0.390625 0.03203125 0.04895833333333333
3 0.0453125 0.475 0.04296875 0.052083333333333336
3 0.171875 0.434375 0.0359375 0.04479166666666667
3 0.77109375 0.31875 0.0609375 0.09895833333333333
0 0.3171875 0.5760416666666667 0.0484375 0.06666666666666667
0 0.48515625 0.6875 0.04296875 0.09583333333333334
0 0.5453125 0.7864583333333334 0.0375 0.06666666666666667
0 0.7484375 0.8458333333333333 0.046875 0.10104166666666667
0 0.321875 0.390625 0.04296875 0.06875
0 0.11328125 0.3458333333333333 0.040625 0.04479166666666667
3 0.41953125 0.7197916666666667 0.03359375 0.041666666666666664