3 0.4640625 0.915625 0.096875 0.16770833333333332
1 0.48125 0.359375 0.09296875 0.13541666666666666
1 0.709375 0.428125 0.128125 0.353125
1 0.5375 0.753125 0.196875 0.12395833333333334
0 0.3765625 0.9614583333333333 0.06953125 0.07604166666666666
0 0.271875 0.6677083333333333 0.0890625 0.14583333333333334
0 0.19609375 0.4322916666666667 0.08359375 0.13854166666666667
0 0.56484375 0.39375 0.065625 0.140625
0 0.5234375 0.184375 0.0640625 0.14583333333333334
0 0.590625 0.178125 0.084375 0.19791666666666666
0 0.409375 0.1125 0.07109375 0.10104166666666667