0 0.196875 0.042708333333333334 0.1109375 0.08125
0 0.07265625 0.06770833333333333 0.12890625 0.12083333333333333
0 0.1265625 0.9020833333333333 0.0859375 0.15520833333333334
0 0.19609375 0.946875 0.078125 0.09166666666666666
0 0.30234375 0.95 0.0828125 0.1
0 0.3984375 0.915625 0.08359375 0.16770833333333332
0 0.503125 0.7802083333333333 0.0890625 0.16770833333333332
0 0.390625 0.69375 0.08359375 0.14270833333333333
0 0.71640625 0.5625 0.09140625 0.13333333333333333
0 0.403125 0.190625 0.134375 0.178125
0 0.2046875 0.209375 0.115625 0.153125
0 0.115625 0.41354166666666664 0.0765625 0.115625
0 0.1265625 0.2875 0.078125 0.10104166666666667
0 0.07109375 0.21458333333333332 0.071875 0.12395833333333334
0 0.18984375 0.37395833333333334 0.0734375 0.10625
0 0.2609375 0.3375 0.0859375 0.10104166666666667
0 0.3421875 0.33541666666666664 0.0984375 0.128125
0 0.2796875 0.48854166666666665 0.0625 0.11354166666666667
0 0.4625 0.36041666666666666 0.1 0.12395833333333334
0 0.6046875 0.284375 0.14609375 0.19270833333333334
0 0.7265625 0.05520833333333333 0.08046875 0.10625
3 0.61640625 0.11875 0.20859375 0.23229166666666667
3 0.14609375 0.6270833333333333 0.075 0.128125
3 0.0453125 0.8395833333333333 0.06796875 0.19791666666666666
3 0.634375 0.6520833333333333 0.084375 0.15833333333333333
3 0.68203125 0.8864583333333333 0.125 0.221875
3 0.5421875 0.9145833333333333 0.084375 0.16041666666666668
3 0.29140625 0.61875 0.05546875 0.10104166666666667
1 0.49296875 0.48541666666666666 0.11640625 0.10625
1 0.56875 0.490625 0.0765625 0.21458333333333332
1 0.21953125 0.8479166666666667 0.053125 0.14583333333333334