0 0.28828125 0.07083333333333333 0.05703125 0.09583333333333334
0 0.3328125 0.24479166666666666 0.05703125 0.10833333333333334
0 0.409375 0.19166666666666668 0.04453125 0.08645833333333333
0 0.46171875 0.24583333333333332 0.04609375 0.07604166666666666
0 0.51640625 0.20833333333333334 0.04140625 0.08645833333333333
0 0.60390625 0.18229166666666666 0.04140625 0.06458333333333334
0 0.59609375 0.30520833333333336 0.046875 0.08125
0 0.425 0.04583333333333333 0.04453125 0.07604166666666666
0 0.34765625 0.8427083333333333 0.090625 0.12083333333333333
0 0.46171875 0.8072916666666666 0.065625 0.10833333333333334
0 0.575 0.8333333333333334 0.05546875 0.09166666666666666
0 0.63515625 0.95625 0.0828125 0.0875
0 0.9484375 0.3614583333333333 0.04140625 0.07604166666666666