1 0.71953125 0.4625 0.053125 0.057291666666666664
0 0.253125 0.21979166666666666 0.0734375 0.08854166666666667
0 0.490625 0.26145833333333335 0.046875 0.09895833333333333
0 0.5390625 0.29270833333333335 0.053125 0.071875
0 0.565625 0.16770833333333332 0.04453125 0.06458333333333334
0 0.453125 0.415625 0.053125 0.12083333333333333
0 0.5671875 0.5864583333333333 0.0734375 0.140625
0 0.396875 0.6979166666666666 0.0765625 0.12604166666666666
0 0.52421875 0.8322916666666667 0.0515625 0.10833333333333334
3 0.11328125 0.33541666666666664 0.0734375 0.06458333333333334
1 0.94296875 0.5125 0.1109375 0.12083333333333333
1 0.31328125 0.16666666666666666 0.05390625 0.052083333333333336