0 0.05390625 0.06875 0.10546875 0.13333333333333333
0 0.59453125 0.19791666666666666 0.1109375 0.20208333333333334
0 0.709375 0.3177083333333333 0.090625 0.190625
0 0.80546875 0.31979166666666664 0.0890625 0.15104166666666666
0 0.28359375 0.7135416666666666 0.10546875 0.20208333333333334
0 0.33046875 0.9375 0.1078125 0.125
0 0.47578125 0.934375 0.10390625 0.13125
3 0.10234375 0.35833333333333334 0.1734375 0.20208333333333334
3 0.4671875 0.56875 0.1515625 0.25416666666666665
3 0.55546875 0.7885416666666667 0.08359375 0.15520833333333334
3 0.728125 0.5947916666666667 0.05546875 0.09375
1 0.684375 0.5458333333333333 0.05703125 0.2520833333333333
3 0.88671875 0.19270833333333334 0.059375 0.11354166666666667
3 0.1140625 0.5916666666666667 0.121875 0.190625
3 0.88046875 0.3572916666666667 0.05 0.10625