1 0.440625 0.271875 0.0484375 0.084375
3 0.25703125 0.940625 0.028125 0.04895833333333333
0 0.29609375 0.5822916666666667 0.053125 0.05416666666666667
0 0.36484375 0.69375 0.040625 0.084375
0 0.43046875 0.6125 0.04453125 0.08854166666666667
0 0.41328125 0.11979166666666667 0.02890625 0.046875
0 0.74921875 0.19375 0.04296875 0.08645833333333333
0 0.67109375 0.8604166666666667 0.046875 0.10104166666666667
0 0.04140625 0.8802083333333334 0.06640625 0.10625
0 0.090625 0.5520833333333334 0.053125 0.06666666666666667
0 0.1359375 0.46458333333333335 0.05 0.059375