1 0.7375 0.334375 0.08359375 0.14583333333333334
3 0.20390625 0.5447916666666667 0.053125 0.052083333333333336
3 0.62109375 0.4427083333333333 0.04453125 0.07604166666666666
3 0.515625 0.246875 0.05390625 0.084375
3 0.54453125 0.925 0.04453125 0.057291666666666664
3 0.553125 0.8333333333333334 0.046875 0.09166666666666666
3 0.42578125 0.90625 0.05703125 0.07395833333333333
0 0.82421875 0.7197916666666667 0.040625 0.07604166666666666
0 0.89765625 0.7708333333333334 0.04609375 0.06458333333333334
0 0.665625 0.7572916666666667 0.0515625 0.08645833333333333
0 0.7875 0.890625 0.05 0.09583333333333334
0 0.4328125 0.5989583333333334 0.0484375 0.06666666666666667
0 0.715625 0.4875 0.04453125 0.07604166666666666
0 0.6828125 0.084375 0.03203125 0.059375
0 0.5953125 0.2760416666666667 0.04609375 0.08854166666666667
0 0.34453125 0.25104166666666666 0.05 0.071875