1 0.95 0.7802083333333333 0.1 0.128125
1 0.4671875 0.4739583333333333 0.09296875 0.128125
1 0.37734375 0.428125 0.040625 0.12083333333333333
1 0.66796875 0.5239583333333333 0.103125 0.246875
1 0.5234375 0.8125 0.171875 0.10416666666666667
3 0.453125 0.94375 0.1 0.1125
0 0.25234375 0.26875 0.0515625 0.09375
0 0.28359375 0.721875 0.075 0.140625
0 0.24296875 0.5114583333333333 0.09140625 0.11354166666666667
0 0.41015625 0.27291666666666664 0.07109375 0.09583333333333334
0 0.4328125 0.16145833333333334 0.04609375 0.08645833333333333
0 0.5484375 0.50625 0.053125 0.13333333333333333
0 0.50703125 0.33958333333333335 0.046875 0.09583333333333334
0 0.57109375 0.3125 0.071875 0.140625
0 0.53046875 0.125 0.06953125 0.115625
0 0.4390625 0.041666666666666664 0.0359375 0.059375
0 0.37578125 0.09166666666666666 0.0515625 0.08854166666666667