2 0.77421875 0.18020833333333333 0.1234375 0.18229166666666666
2 0.72421875 0.4864583333333333 0.10390625 0.15833333333333333
2 0.45703125 0.6416666666666667 0.09453125 0.1625
3 0.5609375 0.49375 0.0890625 0.18229166666666666
3 0.3703125 0.634375 0.14296875 0.13333333333333333
3 0.63671875 0.5854166666666667 0.0984375 0.19791666666666666
3 0.74765625 0.671875 0.0734375 0.13333333333333333
3 0.7203125 0.31875 0.07890625 0.10833333333333334
3 0.70703125 0.8510416666666667 0.14140625 0.18541666666666667
3 0.53515625 0.8197916666666667 0.0765625 0.128125
2 0.69140625 0.7052083333333333 0.0140625 0.041666666666666664