3 0.76796875 0.9177083333333333 0.0390625 0.052083333333333336
3 0.703125 0.8729166666666667 0.046875 0.09583333333333334
0 0.24296875 0.31979166666666664 0.0390625 0.07604166666666666
0 0.42421875 0.078125 0.034375 0.06666666666666667
0 0.4125 0.146875 0.021875 0.052083333333333336
0 0.4671875 0.19166666666666668 0.03203125 0.052083333333333336
0 0.584375 0.12083333333333333 0.0375 0.05416666666666667
0 0.771875 0.25833333333333336 0.028125 0.057291666666666664
0 0.584375 0.5052083333333334 0.03203125 0.071875
0 0.88125 0.334375 0.04609375 0.071875
0 0.58828125 0.9020833333333333 0.040625 0.08645833333333333
0 0.353125 0.6572916666666667 0.0359375 0.059375