0 0.125 0.5729166666666666 0.09140625 0.13854166666666667
0 0.2171875 0.61875 0.08203125 0.140625
0 0.09921875 0.7791666666666667 0.084375 0.10625
0 0.365625 0.94375 0.11875 0.1125
0 0.17578125 0.9270833333333334 0.1375 0.14583333333333334
2 0.14296875 0.34791666666666665 0.071875 0.09895833333333333
2 0.490625 0.5197916666666667 0.08046875 0.12083333333333333
2 0.603125 0.6177083333333333 0.0625 0.11354166666666667
2 0.696875 0.809375 0.05546875 0.11354166666666667
1 0.7890625 0.5614583333333333 0.125 0.15520833333333334
1 0.75234375 0.68125 0.084375 0.221875
3 0.56171875 0.7197916666666667 0.0625 0.10104166666666667