3 0.765625 0.06666666666666667 0.08203125 0.128125
0 0.128125 0.14270833333333333 0.1484375 0.20208333333333334
0 0.7703125 0.44895833333333335 0.159375 0.33125
0 0.028125 0.16458333333333333 0.053125 0.17083333333333334
0 0.14140625 0.4010416666666667 0.13359375 0.175
0 0.034375 0.31145833333333334 0.05546875 0.08854166666666667
0 0.31328125 0.5802083333333333 0.1875 0.221875
0 0.32421875 0.9114583333333334 0.09296875 0.14270833333333333
0 0.55703125 0.8041666666666667 0.20859375 0.175
3 0.5640625 0.5947916666666667 0.30546875 0.44895833333333335
3 0.12109375 0.6802083333333333 0.075 0.13541666666666666
3 0.24453125 0.7677083333333333 0.053125 0.11354166666666667
1 0.15078125 0.9270833333333334 0.05390625 0.14583333333333334
0 0.059375 0.9479166666666666 0.084375 0.10416666666666667
0 0.71953125 0.9458333333333333 0.09140625 0.10833333333333334