1 0.690625 0.1125 0.0484375 0.14583333333333334
1 0.93515625 0.8083333333333333 0.11796875 0.175
1 0.5765625 0.6114583333333333 0.075 0.19479166666666667
0 0.69296875 0.2875 0.0640625 0.09583333333333334
0 0.63984375 0.15104166666666666 0.07109375 0.1625
0 0.8546875 0.6239583333333333 0.090625 0.18020833333333333
0 0.6859375 0.959375 0.096875 0.07604166666666666
0 0.5890625 0.8614583333333333 0.0890625 0.153125
0 0.315625 0.5083333333333333 0.065625 0.10416666666666667
0 0.3203125 0.378125 0.06796875 0.06875
0 0.08125 0.653125 0.065625 0.09583333333333334
0 0.14609375 0.48854166666666665 0.06953125 0.084375
0 0.1625 0.384375 0.05859375 0.07604166666666666