0 0.28125 0.45729166666666665 0.0375 0.034375
0 0.309375 0.475 0.025 0.052083333333333336
0 0.571875 0.16666666666666666 0.0234375 0.041666666666666664
3 0.1484375 0.9333333333333333 0.053125 0.06458333333333334
3 0.32734375 0.5729166666666666 0.0484375 0.05416666666666667
0 0.296875 0.8541666666666666 0.05 0.084375
0 0.96953125 0.6270833333333333 0.053125 0.084375
0 0.63203125 0.5239583333333333 0.05 0.084375
0 0.8078125 0.20104166666666667 0.0484375 0.09166666666666666
0 0.7859375 0.35208333333333336 0.05 0.07604166666666666
0 0.4984375 0.6989583333333333 0.05 0.09375
0 0.08515625 0.884375 0.0765625 0.10416666666666667