0 0.24375 0.5052083333333334 0.1015625 0.18020833333333333
0 0.34296875 0.06875 0.078125 0.128125
0 0.534375 0.5479166666666667 0.071875 0.13333333333333333
0 0.478125 0.6614583333333334 0.065625 0.12395833333333334
0 0.4078125 0.8864583333333333 0.07109375 0.13854166666666667
0 0.50234375 0.9427083333333334 0.0765625 0.11354166666666667
0 0.62890625 0.9479166666666666 0.1 0.10416666666666667
3 0.5125 0.3854166666666667 0.078125 0.12395833333333334
3 0.53984375 0.225 0.059375 0.12395833333333334
3 0.603125 0.11875 0.05546875 0.09375
0 0.4 0.6020833333333333 0.08046875 0.13854166666666667