1 0.08671875 0.47291666666666665 0.07109375 0.15520833333333334
2 0.6859375 0.3375 0.028125 0.07604166666666666
3 0.71015625 0.684375 0.0625 0.12395833333333334
1 0.690625 0.8677083333333333 0.109375 0.175
1 0.60390625 0.9041666666666667 0.1140625 0.19166666666666668
3 0.45078125 0.934375 0.09296875 0.13125
3 0.53515625 0.051041666666666666 0.07109375 0.09166666666666666
3 0.30625 0.0625 0.08203125 0.12083333333333333
0 0.71640625 0.33125 0.03046875 0.084375
0 0.615625 0.41458333333333336 0.053125 0.07395833333333333
0 0.5046875 0.3885416666666667 0.06796875 0.10104166666666667
0 0.403125 0.20208333333333334 0.06640625 0.10833333333333334
0 0.27421875 0.33958333333333335 0.0734375 0.12604166666666666