0 0.3953125 0.08645833333333333 0.0734375 0.13333333333333333
0 0.54609375 0.23125 0.1 0.17083333333333334
0 0.4625 0.26458333333333334 0.075 0.14791666666666667
0 0.646875 0.40208333333333335 0.109375 0.17291666666666666
0 0.2828125 0.384375 0.07109375 0.15104166666666666
0 0.35859375 0.5583333333333333 0.09140625 0.15833333333333333
0 0.1515625 0.20104166666666667 0.121875 0.15104166666666666
0 0.03203125 0.778125 0.0609375 0.178125
0 0.23984375 0.94375 0.0984375 0.1125
0 0.0609375 0.9572916666666667 0.078125 0.08541666666666667
1 0.665625 0.7020833333333333 0.1609375 0.23958333333333334