2 0.55625 0.8541666666666666 0.10703125 0.1875
3 0.69296875 0.640625 0.078125 0.13125
1 0.55234375 0.08645833333333333 0.0484375 0.10416666666666667
1 0.64375 0.07083333333333333 0.05703125 0.11145833333333334
1 0.69453125 0.140625 0.0640625 0.10833333333333334
1 0.59765625 0.15729166666666666 0.0515625 0.08645833333333333
1 0.41328125 0.15208333333333332 0.065625 0.08645833333333333
1 0.484375 0.22083333333333333 0.053125 0.08125
1 0.51484375 0.3260416666666667 0.0625 0.09375
1 0.32421875 0.421875 0.07890625 0.09375
1 0.45234375 0.5395833333333333 0.0625 0.12083333333333333
1 0.521875 0.684375 0.084375 0.128125
1 0.309375 0.671875 0.0765625 0.09895833333333333
1 0.3671875 0.578125 0.0625 0.11354166666666667
1 0.190625 0.5979166666666667 0.0890625 0.11354166666666667
1 0.7375 0.3458333333333333 0.16953125 0.15833333333333333