0 0.728125 0.246875 0.0375 0.07916666666666666
3 0.203125 0.578125 0.071875 0.08854166666666667
3 0.33984375 0.35833333333333334 0.034375 0.059375
3 0.609375 0.22708333333333333 0.04609375 0.06875
0 0.45078125 0.28229166666666666 0.040625 0.07604166666666666
0 0.646875 0.184375 0.04609375 0.07604166666666666
0 0.7015625 0.4864583333333333 0.05546875 0.10416666666666667
0 0.9296875 0.5645833333333333 0.08203125 0.115625
0 0.9390625 0.29375 0.046875 0.06458333333333334
0 0.84453125 0.28541666666666665 0.03359375 0.046875
1 0.3640625 0.8802083333333334 0.046875 0.23958333333333334