0 0.16796875 0.15416666666666667 0.075 0.140625
3 0.15625 0.35833333333333334 0.1015625 0.13854166666666667
3 0.25234375 0.32083333333333336 0.08203125 0.13854166666666667
3 0.36640625 0.4197916666666667 0.103125 0.14791666666666667
3 0.7546875 0.753125 0.115625 0.2520833333333333
3 0.8734375 0.746875 0.13046875 0.24895833333333334
3 0.1 0.73125 0.1390625 0.22708333333333333
3 0.20234375 0.9145833333333333 0.0765625 0.12083333333333333
1 0.36015625 0.03333333333333333 0.084375 0.052083333333333336
1 0.384375 0.159375 0.1125 0.115625
1 0.496875 0.31979166666666664 0.134375 0.10104166666666667
1 0.64296875 0.5114583333333333 0.14140625 0.19270833333333334
1 0.446875 0.584375 0.0765625 0.15520833333333334
1 0.296875 0.5614583333333333 0.1375 0.115625