1 0.69453125 0.5791666666666667 0.06640625 0.057291666666666664
3 0.68359375 0.40729166666666666 0.04453125 0.07395833333333333
3 0.6234375 0.8541666666666666 0.0609375 0.07395833333333333
3 0.0359375 0.975 0.0640625 0.04895833333333333
3 0.09140625 0.7114583333333333 0.046875 0.04479166666666667
0 0.34609375 0.9354166666666667 0.046875 0.06875
0 0.2703125 0.86875 0.0375 0.05416666666666667
0 0.18984375 0.8177083333333334 0.0375 0.06458333333333334
0 0.42109375 0.746875 0.0390625 0.071875
0 0.79765625 0.225 0.0375 0.07395833333333333
0 0.74921875 0.21145833333333333 0.034375 0.06145833333333333
0 0.7125 0.346875 0.0390625 0.071875
0 0.6375 0.4552083333333333 0.04453125 0.071875
0 0.571875 0.5322916666666667 0.04296875 0.07604166666666666
0 0.553125 0.41458333333333336 0.059375 0.09375
0 0.38671875 0.30833333333333335 0.0375 0.06875
3 0.63125 0.3854166666666667 0.0375 0.06458333333333334