0 0.70703125 0.3854166666666667 0.0359375 0.04895833333333333
0 0.14453125 0.35208333333333336 0.11640625 0.17083333333333334
0 0.3265625 0.9458333333333333 0.06640625 0.10833333333333334
0 0.91875 0.5052083333333334 0.059375 0.08125
0 0.76015625 0.9395833333333333 0.08203125 0.115625
0 0.778125 0.7427083333333333 0.06640625 0.10416666666666667
0 0.60078125 0.37916666666666665 0.03203125 0.07604166666666666
3 0.42734375 0.19270833333333334 0.0625 0.09375
3 0.46796875 0.134375 0.06640625 0.09583333333333334
3 0.67109375 0.390625 0.0359375 0.059375
1 0.46640625 0.9239583333333333 0.0859375 0.15208333333333332
0 0.79140625 0.30416666666666664 0.0359375 0.06458333333333334