0 0.37890625 0.06145833333333333 0.03359375 0.07395833333333333
0 0.18046875 0.4322916666666667 0.0640625 0.07916666666666666
0 0.434375 0.5333333333333333 0.04453125 0.09895833333333333
0 0.478125 0.5114583333333333 0.05390625 0.07395833333333333
0 0.4703125 0.7572916666666667 0.04609375 0.09583333333333334
0 0.5265625 0.9270833333333334 0.075 0.13125
0 0.44921875 0.9677083333333333 0.06796875 0.06458333333333334
3 0.3796875 0.45208333333333334 0.040625 0.04895833333333333
3 0.496875 0.6 0.0640625 0.06458333333333334
3 0.540625 0.7333333333333333 0.078125 0.12395833333333334
1 0.6875 0.7552083333333334 0.1109375 0.084375
0 0.33828125 0.278125 0.04609375 0.071875