1 0.690625 0.35104166666666664 0.0640625 0.09895833333333333
3 0.68125 0.859375 0.04296875 0.05416666666666667
3 0.60546875 0.440625 0.0390625 0.057291666666666664
3 0.52421875 0.32083333333333336 0.040625 0.06458333333333334
0 0.75078125 0.7333333333333333 0.0375 0.06875
0 0.6796875 0.459375 0.0375 0.06458333333333334
0 0.64140625 0.18125 0.028125 0.052083333333333336
0 0.58359375 0.33125 0.04140625 0.06458333333333334
0 0.47578125 0.5885416666666666 0.0375 0.057291666666666664
0 0.396875 0.34791666666666665 0.0375 0.05416666666666667
3 0.18359375 0.8010416666666667 0.05 0.071875
3 0.1859375 0.7072916666666667 0.0609375 0.071875