3 0.0640625 0.9416666666666667 0.08359375 0.08645833333333333
0 0.434375 0.88125 0.028125 0.06458333333333334
0 0.6203125 0.6083333333333333 0.0375 0.057291666666666664
0 0.75625 0.7520833333333333 0.0515625 0.07604166666666666
0 0.67265625 0.6864583333333333 0.0375 0.07916666666666666
0 0.684375 0.5822916666666667 0.053125 0.07916666666666666
0 0.9453125 0.646875 0.0515625 0.07916666666666666
0 0.85 0.40729166666666666 0.0359375 0.07916666666666666
0 0.82734375 0.3072916666666667 0.0265625 0.046875
0 0.57265625 0.4510416666666667 0.02890625 0.057291666666666664
0 0.51015625 0.40208333333333335 0.01796875 0.034375
0 0.5375 0.35104166666666664 0.01953125 0.034375
0 0.41953125 0.6260416666666667 0.028125 0.06145833333333333
0 0.346875 0.628125 0.021875 0.052083333333333336
0 0.39375 0.81875 0.02890625 0.07604166666666666
0 0.19921875 0.8208333333333333 0.040625 0.052083333333333336