0 0.25 0.9291666666666667 0.1109375 0.140625
0 0.03515625 0.5395833333333333 0.065625 0.20520833333333333
0 0.14375 0.07291666666666667 0.07890625 0.115625
0 0.18828125 0.41875 0.0984375 0.165625
0 0.31875 0.484375 0.090625 0.14270833333333333
0 0.4828125 0.38229166666666664 0.0875 0.13333333333333333
0 0.378125 0.7354166666666667 0.12109375 0.20208333333333334
0 0.6796875 0.70625 0.10390625 0.178125
3 0.259375 0.18020833333333333 0.1140625 0.14791666666666667
3 0.403125 0.18125 0.11640625 0.18541666666666667
3 0.509375 0.24270833333333333 0.0765625 0.12083333333333333
3 0.596875 0.4822916666666667 0.140625 0.20520833333333333
3 0.76640625 0.534375 0.10859375 0.17083333333333334
3 0.525 0.6645833333333333 0.121875 0.10833333333333334
3 0.153125 0.6677083333333333 0.1359375 0.165625
3 0.259375 0.6052083333333333 0.10703125 0.15833333333333333
3 0.0375 0.7489583333333333 0.06640625 0.15104166666666666
2 0.91015625 0.7958333333333333 0.0625 0.11145833333333334
1 0.81640625 0.634375 0.096875 0.19791666666666666