0 0.97890625 0.178125 0.04140625 0.07916666666666666
0 0.8046875 0.5520833333333334 0.084375 0.14583333333333334
0 0.7109375 0.12916666666666668 0.0640625 0.09166666666666666
0 0.46796875 0.3072916666666667 0.05546875 0.10104166666666667
0 0.09375 0.71875 0.09609375 0.09895833333333333
3 0.1390625 0.8489583333333334 0.103125 0.128125
3 0.346875 0.409375 0.040625 0.07916666666666666
3 0.66875 0.20104166666666667 0.06796875 0.09166666666666666
3 0.28359375 0.6114583333333333 0.0359375 0.057291666666666664
0 0.81015625 0.15520833333333334 0.034375 0.07916666666666666
0 0.48515625 0.146875 0.040625 0.06666666666666667