2 0.81875 0.871875 0.140625 0.23229166666666667
0 0.096875 0.14791666666666667 0.06796875 0.13333333333333333
0 0.215625 0.2677083333333333 0.0609375 0.13125
0 0.27421875 0.3385416666666667 0.065625 0.09895833333333333
0 0.290625 0.20625 0.0625 0.12083333333333333
0 0.365625 0.14270833333333333 0.05 0.09895833333333333
0 0.24296875 0.13958333333333334 0.053125 0.09166666666666666
0 0.20546875 0.09479166666666666 0.071875 0.10625
0 0.31875 0.040625 0.04296875 0.07604166666666666
0 0.4171875 0.03229166666666667 0.0734375 0.05416666666666667
0 0.5546875 0.35520833333333335 0.090625 0.153125
0 0.27734375 0.95625 0.0890625 0.0875
1 0.48515625 0.584375 0.14296875 0.18541666666666667
1 0.50546875 0.765625 0.23046875 0.18229166666666666
2 0.703125 0.8958333333333334 0.0765625 0.12395833333333334
2 0.8 0.49270833333333336 0.09453125 0.14583333333333334
2 0.31953125 0.4791666666666667 0.09453125 0.13333333333333333