2 0.04765625 0.215625 0.02890625 0.021875
2 0.0734375 0.221875 0.028125 0.019791666666666666
1 0.91640625 0.46875 0.05 0.246875
3 0.44921875 0.19583333333333333 0.090625 0.13541666666666666
3 0.41796875 0.04479166666666667 0.08046875 0.084375
3 0.33984375 0.12708333333333333 0.0734375 0.15520833333333334
3 0.87578125 0.7947916666666667 0.07890625 0.1875
3 0.70859375 0.628125 0.10859375 0.2
3 0.321875 0.7375 0.1234375 0.3333333333333333
3 0.240625 0.5520833333333334 0.0765625 0.175
3 0.15 0.6291666666666667 0.14140625 0.246875
0 0.671875 0.9489583333333333 0.128125 0.10104166666666667
0 0.58046875 0.625 0.0859375 0.14270833333333333
0 0.4484375 0.5864583333333333 0.08046875 0.140625
0 0.37734375 0.4395833333333333 0.11796875 0.19270833333333334
0 0.21875 0.2604166666666667 0.1015625 0.24895833333333334
0 0.08359375 0.11875 0.121875 0.1625
0 0.05546875 0.446875 0.10859375 0.30625
1 0.884375 0.271875 0.0515625 0.1875
1 0.565625 0.7177083333333333 0.10390625 0.13541666666666666