0 0.19765625 0.45729166666666665 0.05703125 0.09895833333333333
0 0.15 0.9 0.05859375 0.09583333333333334
0 0.484375 0.321875 0.0515625 0.09166666666666666
0 0.7140625 0.6197916666666666 0.075 0.11875
0 0.69140625 0.7552083333333334 0.08359375 0.14791666666666667
0 0.428125 0.434375 0.0515625 0.07395833333333333
0 0.46640625 0.9677083333333333 0.06640625 0.06458333333333334
3 0.425 0.33125 0.053125 0.07395833333333333
3 0.57109375 0.19895833333333332 0.05 0.06666666666666667
3 0.859375 0.6427083333333333 0.109375 0.140625
3 0.35625 0.6552083333333333 0.0484375 0.057291666666666664
3 0.24609375 0.353125 0.0390625 0.059375
0 0.3 0.5479166666666667 0.0359375 0.06875