0 0.50078125 0.041666666666666664 0.06796875 0.07395833333333333
0 0.903125 0.11354166666666667 0.11796875 0.17291666666666666
0 0.97421875 0.23229166666666667 0.0515625 0.178125
0 0.6171875 0.40520833333333334 0.07109375 0.1625
0 0.75 0.6822916666666666 0.09140625 0.15520833333333334
0 0.51328125 0.6645833333333333 0.0734375 0.14270833333333333
0 0.61875 0.7604166666666666 0.1125 0.153125
0 0.63125 0.60625 0.090625 0.14583333333333334
3 0.75625 0.39791666666666664 0.1265625 0.19791666666666666
3 0.83125 0.59375 0.084375 0.13541666666666666
3 0.51640625 0.27291666666666664 0.06953125 0.09583333333333334
3 0.515625 0.16770833333333332 0.10546875 0.09895833333333333
3 0.796875 0.790625 0.10703125 0.153125
1 0.36328125 0.5604166666666667 0.14609375 0.19791666666666666
1 0.40859375 0.39166666666666666 0.06640625 0.140625