0 0.17578125 0.44166666666666665 0.12890625 0.1875
0 0.5125 0.41458333333333336 0.0890625 0.1625
0 0.6765625 0.4875 0.0859375 0.13541666666666666
0 0.51015625 0.6333333333333333 0.1015625 0.17083333333333334
0 0.45703125 0.8427083333333333 0.10546875 0.175
0 0.928125 0.8958333333333334 0.10859375 0.14791666666666667
0 0.696875 0.246875 0.0875 0.14270833333333333
0 0.5140625 0.04583333333333333 0.06953125 0.08645833333333333
0 0.77265625 0.17083333333333334 0.0765625 0.09375
0 0.8234375 0.275 0.0609375 0.12083333333333333
0 0.88125 0.25729166666666664 0.05390625 0.12395833333333334
0 0.81875 0.12604166666666666 0.0515625 0.07916666666666666
3 0.3234375 0.7041666666666667 0.14453125 0.23229166666666667
3 0.5640625 0.9020833333333333 0.1140625 0.19479166666666667
3 0.58671875 0.40208333333333335 0.059375 0.10833333333333334
3 0.309375 0.12604166666666666 0.0875 0.09895833333333333
1 0.6390625 0.634375 0.175 0.12395833333333334
3 0.853125 0.7791666666666667 0.07109375 0.09166666666666666