0 0.478125 0.63125 0.0859375 0.14583333333333334
0 0.6734375 0.18229166666666666 0.071875 0.11354166666666667
0 0.77109375 0.13854166666666667 0.08046875 0.14791666666666667
3 0.18046875 0.48020833333333335 0.1390625 0.21979166666666666
3 0.296875 0.16770833333333332 0.1265625 0.23229166666666667
3 0.60390625 0.2625 0.103125 0.175
1 0.71953125 0.4125 0.121875 0.15833333333333333
1 0.71953125 0.6729166666666667 0.153125 0.13125
3 0.8796875 0.2 0.09609375 0.128125
1 0.584375 0.06145833333333333 0.121875 0.11875
3 0.428125 0.884375 0.09140625 0.1625
3 0.5265625 0.8291666666666667 0.103125 0.178125