3 0.29921875 0.14270833333333333 0.04296875 0.059375
0 0.109375 0.428125 0.0765625 0.071875
0 0.421875 0.25416666666666665 0.06796875 0.13333333333333333
0 0.615625 0.08125 0.06796875 0.153125
0 0.7140625 0.6208333333333333 0.10859375 0.190625
0 0.915625 0.946875 0.0859375 0.10625
0 0.265625 0.7010416666666667 0.09140625 0.11875
3 0.178125 0.69375 0.065625 0.04895833333333333
3 0.353125 0.6520833333333333 0.04296875 0.084375
3 0.41953125 0.675 0.103125 0.18020833333333333
3 0.371875 0.828125 0.078125 0.15520833333333334
3 0.33984375 0.3802083333333333 0.04296875 0.08854166666666667