0 0.29765625 0.5479166666666667 0.034375 0.03958333333333333
0 0.025 0.759375 0.04453125 0.06145833333333333
0 0.203125 0.6072916666666667 0.046875 0.04479166666666667
0 0.40390625 0.5208333333333334 0.05 0.084375
0 0.62265625 0.45416666666666666 0.0484375 0.06875
0 0.5828125 0.5760416666666667 0.040625 0.06145833333333333
0 0.38046875 0.6041666666666666 0.046875 0.071875
0 0.4515625 0.753125 0.08046875 0.14270833333333333
0 0.5609375 0.8239583333333333 0.0640625 0.140625
0 0.309375 0.9322916666666666 0.11796875 0.13541666666666666
3 0.64375 0.7989583333333333 0.0515625 0.07604166666666666
3 0.6328125 0.9072916666666667 0.05390625 0.07604166666666666
3 0.7265625 0.6260416666666667 0.05859375 0.07604166666666666
3 0.82578125 0.44479166666666664 0.059375 0.06458333333333334
3 0.72109375 0.49375 0.05 0.06875
1 0.290625 0.6270833333333333 0.07890625 0.07916666666666666