3 0.95859375 0.65 0.0828125 0.19166666666666668
3 0.63671875 0.9 0.1234375 0.2
3 0.553125 0.540625 0.0734375 0.10833333333333334
3 0.72421875 0.4979166666666667 0.084375 0.13541666666666666
3 0.6453125 0.5083333333333333 0.07890625 0.10833333333333334
3 0.8375 0.1875 0.128125 0.14270833333333333
3 0.7140625 0.184375 0.08046875 0.115625
1 0.76015625 0.10625 0.084375 0.09895833333333333
1 0.5875 0.6427083333333333 0.15859375 0.12083333333333333
1 0.36015625 0.6 0.20390625 0.19270833333333334
0 0.71953125 0.7822916666666667 0.09453125 0.16770833333333332
0 0.9390625 0.36666666666666664 0.096875 0.15104166666666666
0 0.8359375 0.6447916666666667 0.1140625 0.20729166666666668
0 0.77421875 0.415625 0.0765625 0.12604166666666666
0 0.68125 0.334375 0.0734375 0.13541666666666666
0 0.5671875 0.36875 0.09609375 0.175
0 0.43828125 0.37395833333333334 0.08203125 0.16041666666666668
0 0.19296875 0.5072916666666667 0.1390625 0.25416666666666665