0 0.62109375 0.07291666666666667 0.046875 0.08645833333333333
0 0.75859375 0.359375 0.0640625 0.07604166666666666
0 0.96171875 0.5979166666666667 0.0765625 0.13333333333333333
0 0.8328125 0.721875 0.115625 0.190625
0 0.63515625 0.2989583333333333 0.059375 0.11354166666666667
0 0.54609375 0.17395833333333333 0.071875 0.11145833333333334
0 0.5015625 0.29270833333333335 0.075 0.09583333333333334
0 0.43671875 0.20520833333333333 0.0625 0.09375
0 0.42421875 0.12083333333333333 0.059375 0.07916666666666666
0 0.353125 0.325 0.075 0.115625
0 0.346875 0.11354166666666667 0.065625 0.09375