0 0.90859375 0.058333333333333334 0.08046875 0.11145833333333334
1 0.9609375 0.225 0.078125 0.10416666666666667
1 0.61484375 0.4114583333333333 0.06796875 0.13125
0 0.540625 0.175 0.10859375 0.18229166666666666
0 0.27421875 0.5666666666666667 0.134375 0.225
0 0.38671875 0.9416666666666667 0.0765625 0.115625
0 0.8515625 0.5739583333333333 0.03359375 0.057291666666666664
0 0.9203125 0.6989583333333333 0.04296875 0.059375
3 0.08984375 0.8760416666666667 0.0765625 0.10416666666666667
3 0.175 0.8739583333333333 0.05859375 0.07395833333333333
3 0.2609375 0.8916666666666667 0.08046875 0.09375
3 0.61796875 0.9604166666666667 0.071875 0.07916666666666666
3 0.8796875 0.2677083333333333 0.065625 0.10625
3 0.603125 0.7010416666666667 0.03359375 0.05416666666666667
1 0.5375 0.9572916666666667 0.046875 0.08541666666666667