1 0.78828125 0.409375 0.159375 0.12395833333333334
1 0.7375 0.2875 0.15546875 0.08125
0 0.821875 0.084375 0.0765625 0.1625
0 0.7453125 0.17083333333333334 0.0984375 0.16770833333333332
0 0.34765625 0.30416666666666664 0.1125 0.15833333333333333
0 0.40390625 0.440625 0.10546875 0.12604166666666666
0 0.27890625 0.23854166666666668 0.071875 0.13541666666666666
0 0.571875 0.953125 0.10390625 0.09375
0 0.4109375 0.6145833333333334 0.13046875 0.26666666666666666
0 0.5578125 0.5322916666666667 0.08203125 0.14583333333333334
0 0.61171875 0.7145833333333333 0.11796875 0.21458333333333332
0 0.3328125 0.9208333333333333 0.12890625 0.15833333333333333
0 0.25234375 0.48020833333333335 0.084375 0.10625
0 0.18515625 0.6614583333333334 0.14609375 0.221875
0 0.46796875 0.240625 0.0890625 0.140625
0 0.378125 0.14895833333333333 0.08046875 0.13125
0 0.2703125 0.07291666666666667 0.0734375 0.13541666666666666
0 0.18359375 0.17604166666666668 0.09140625 0.140625
0 0.10546875 0.3958333333333333 0.1109375 0.13125