0 0.7484375 0.2125 0.0359375 0.06875
0 0.30078125 0.7947916666666667 0.03203125 0.05416666666666667
0 0.34609375 0.7802083333333333 0.03359375 0.07395833333333333
0 0.4578125 0.88125 0.0625 0.07395833333333333
0 0.61875 0.20625 0.040625 0.057291666666666664
0 0.7203125 0.37395833333333334 0.04609375 0.09583333333333334
0 0.62890625 0.7489583333333333 0.05859375 0.09166666666666666
3 0.5515625 0.9635416666666666 0.065625 0.07291666666666667
3 0.325 0.909375 0.0390625 0.052083333333333336
3 0.79921875 0.39166666666666666 0.040625 0.06145833333333333
1 0.84375 0.409375 0.03203125 0.15833333333333333