0 0.9046875 0.43125 0.10703125 0.165625
0 0.625 0.21458333333333332 0.05859375 0.11875
0 0.4953125 0.19791666666666666 0.04609375 0.06458333333333334
0 0.421875 0.53125 0.0609375 0.10833333333333334
0 0.4984375 0.43854166666666666 0.075 0.10104166666666667
0 0.425 0.690625 0.096875 0.15520833333333334
0 0.8 0.6927083333333334 0.0890625 0.13541666666666666
0 0.5546875 0.24479166666666666 0.04609375 0.08854166666666667
3 0.596875 0.5447916666666667 0.0609375 0.09583333333333334
3 0.6609375 0.4375 0.078125 0.09375
3 0.76015625 0.5291666666666667 0.0984375 0.13541666666666666
3 0.57734375 0.6927083333333334 0.0734375 0.10104166666666667
3 0.74609375 0.9416666666666667 0.1140625 0.115625