0 0.92265625 0.46458333333333335 0.0375 0.05416666666666667
0 0.815625 0.35520833333333335 0.034375 0.04895833333333333
0 0.74453125 0.4010416666666667 0.028125 0.057291666666666664
0 0.51015625 0.3927083333333333 0.034375 0.05416666666666667
0 0.146875 0.43333333333333335 0.040625 0.057291666666666664
0 0.2203125 0.6645833333333333 0.0515625 0.084375
0 0.434375 0.89375 0.0390625 0.07395833333333333
0 0.77890625 0.8729166666666667 0.046875 0.071875
0 0.8328125 0.8989583333333333 0.03203125 0.05416666666666667
0 0.778125 0.73125 0.0359375 0.05416666666666667
0 0.45859375 0.24583333333333332 0.0359375 0.06145833333333333
0 0.378125 0.36041666666666666 0.03046875 0.03958333333333333
3 0.4578125 0.39895833333333336 0.034375 0.041666666666666664
3 0.34140625 0.7583333333333333 0.04140625 0.06458333333333334
3 0.6125 0.58125 0.03046875 0.046875