1 0.621875 0.7677083333333333 0.0390625 0.04895833333333333
1 0.91015625 0.8447916666666667 0.06796875 0.09375
1 0.04375 0.846875 0.0765625 0.084375
0 0.05234375 0.6416666666666667 0.0375 0.06458333333333334
0 0.29765625 0.9708333333333333 0.0515625 0.058333333333333334
0 0.478125 0.7510416666666667 0.05 0.08854166666666667
0 0.82421875 0.8625 0.04609375 0.09166666666666666
0 0.6484375 0.5625 0.05 0.08854166666666667
0 0.65703125 0.38229166666666664 0.05 0.07916666666666666
0 0.409375 0.3125 0.02890625 0.046875
0 0.571875 0.15208333333333332 0.02890625 0.046875
0 0.515625 0.10625 0.0375 0.06458333333333334