3 0.7359375 0.8385416666666666 0.09140625 0.12604166666666666
3 0.9078125 0.6395833333333333 0.0984375 0.08854166666666667
3 0.75859375 0.6083333333333333 0.071875 0.08125
0 0.15234375 0.1625 0.03203125 0.04479166666666667
0 0.38046875 0.4375 0.04140625 0.059375
0 0.309375 0.95 0.121875 0.1
0 0.57578125 0.621875 0.0484375 0.07395833333333333
0 0.634375 0.4708333333333333 0.05859375 0.09583333333333334
0 0.059375 0.5541666666666667 0.06953125 0.06666666666666667
0 0.3359375 0.515625 0.0640625 0.09895833333333333
0 0.271875 0.6739583333333333 0.071875 0.10416666666666667
1 0.88203125 0.6958333333333333 0.0609375 0.08854166666666667
1 0.7046875 0.7541666666666667 0.065625 0.09583333333333334
1 0.653125 0.66875 0.0375 0.10416666666666667
1 0.26640625 0.41770833333333335 0.0609375 0.03958333333333333
1 0.14765625 0.6604166666666667 0.115625 0.07604166666666666
1 0.1546875 0.5041666666666667 0.07109375 0.05416666666666667