0 0.54921875 0.13854166666666667 0.03203125 0.05416666666666667
0 0.29609375 0.34791666666666665 0.028125 0.04479166666666667
0 0.12890625 0.909375 0.071875 0.09166666666666666
0 0.20703125 0.80625 0.046875 0.08645833333333333
0 0.40703125 0.7041666666666667 0.04453125 0.07395833333333333
0 0.43515625 0.5625 0.040625 0.059375
0 0.2875 0.5354166666666667 0.0359375 0.05416666666666667
0 0.4125 0.328125 0.0359375 0.05416666666666667
0 0.6828125 0.59375 0.03203125 0.08645833333333333
0 0.7125 0.578125 0.028125 0.05416666666666667
0 0.1125 0.5239583333333333 0.04453125 0.04479166666666667
0 0.23203125 0.6125 0.028125 0.03958333333333333
0 0.371875 0.28229166666666666 0.0234375 0.041666666666666664
3 0.0828125 0.6447916666666667 0.03203125 0.034375
3 0.1453125 0.671875 0.04296875 0.059375