0 0.334375 0.378125 0.08359375 0.08854166666666667
0 0.346875 0.4875 0.04296875 0.071875
0 0.54375 0.2875 0.065625 0.12083333333333333
0 0.5125 0.45729166666666665 0.046875 0.09895833333333333
0 0.09765625 0.759375 0.0515625 0.09166666666666666
0 0.2015625 0.83125 0.08046875 0.11145833333333334
0 0.33046875 0.790625 0.0609375 0.09375
0 0.41796875 0.825 0.05859375 0.10416666666666667
0 0.48203125 0.7375 0.08046875 0.10104166666666667
0 0.5125 0.8729166666666667 0.0890625 0.13541666666666666
0 0.653125 0.8197916666666667 0.0875 0.08854166666666667
0 0.67109375 0.9208333333333333 0.1109375 0.14270833333333333
3 0.67578125 0.621875 0.09296875 0.17291666666666666
3 0.91796875 0.7354166666666667 0.1640625 0.20729166666666668
3 0.4203125 0.5395833333333333 0.0625 0.10625
2 0.55078125 0.43125 0.04296875 0.12604166666666666
2 0.60390625 0.4041666666666667 0.06640625 0.13541666666666666
1 0.60078125 0.06770833333333333 0.0984375 0.11145833333333334