0 0.2859375 0.5583333333333333 0.05 0.06458333333333334
0 0.37109375 0.3416666666666667 0.03359375 0.06145833333333333
0 0.30703125 0.228125 0.028125 0.041666666666666664
0 0.365625 0.13125 0.02890625 0.03958333333333333
0 0.56953125 0.090625 0.025 0.041666666666666664
0 0.6640625 0.06770833333333333 0.03046875 0.03229166666666667
0 0.69375 0.3854166666666667 0.0375 0.05416666666666667
0 0.95234375 0.4947916666666667 0.05703125 0.06145833333333333
0 0.7515625 0.5395833333333333 0.04453125 0.057291666666666664
3 0.5265625 0.4427083333333333 0.0359375 0.06145833333333333
3 0.896875 0.353125 0.05 0.07916666666666666
3 0.9328125 0.44583333333333336 0.059375 0.0375
3 0.8921875 0.5270833333333333 0.05390625 0.06145833333333333
3 0.8296875 0.9572916666666667 0.096875 0.08541666666666667
3 0.9640625 0.9302083333333333 0.071875 0.12708333333333333
3 0.4703125 0.8197916666666667 0.02890625 0.034375
1 0.56796875 0.8802083333333334 0.0609375 0.06666666666666667
1 0.65703125 0.9052083333333333 0.053125 0.10625
3 0.9375 0.76875 0.06640625 0.071875