1 0.63515625 0.15416666666666667 0.0875 0.140625
1 0.715625 0.3 0.08203125 0.08645833333333333
0 0.6546875 0.9125 0.15390625 0.175
0 0.534375 0.7989583333333333 0.0984375 0.18541666666666667
0 0.54765625 0.59375 0.0875 0.13541666666666666
3 0.76015625 0.6458333333333334 0.12890625 0.225
3 0.6375 0.415625 0.0859375 0.14583333333333334
3 0.5203125 0.09166666666666666 0.09296875 0.13854166666666667
3 0.425 0.2 0.1140625 0.1625
3 0.29921875 0.25416666666666665 0.09609375 0.13333333333333333
0 0.415625 0.046875 0.059375 0.07916666666666666