3 0.290625 0.39895833333333336 0.075 0.09166666666666666
3 0.9 0.3260416666666667 0.06640625 0.07395833333333333
3 0.60546875 0.3572916666666667 0.053125 0.07604166666666666
3 0.6875 0.3729166666666667 0.0609375 0.084375
3 0.615625 0.8052083333333333 0.06640625 0.128125
3 0.6765625 0.6395833333333333 0.06640625 0.10833333333333334
0 0.55546875 0.6489583333333333 0.0609375 0.10416666666666667
0 0.69453125 0.134375 0.0390625 0.057291666666666664
0 0.628125 0.26875 0.0375 0.059375
0 0.5828125 0.2677083333333333 0.034375 0.057291666666666664
0 0.50859375 0.03125 0.03046875 0.057291666666666664
0 0.46796875 0.10625 0.0359375 0.06458333333333334
0 0.40234375 0.15208333333333332 0.034375 0.057291666666666664
0 0.40078125 0.38229166666666664 0.040625 0.06875
0 0.19140625 0.3927083333333333 0.06640625 0.084375
0 0.11484375 0.13125 0.04296875 0.06458333333333334