3 0.2453125 0.5270833333333333 0.084375 0.09583333333333334
3 0.94453125 0.7125 0.096875 0.15104166666666666
1 0.571875 0.6520833333333333 0.065625 0.19791666666666666
3 0.353125 0.3875 0.05546875 0.059375
3 0.13828125 0.6416666666666667 0.07109375 0.084375
3 0.46796875 0.834375 0.1140625 0.14270833333333333
3 0.340625 0.875 0.109375 0.17083333333333334
0 0.503125 0.934375 0.115625 0.13125
3 0.3796875 0.7 0.0875 0.140625
3 0.27734375 0.40208333333333335 0.0625 0.084375
0 0.46875 0.20104166666666667 0.04609375 0.10625
0 0.63671875 0.07604166666666666 0.059375 0.06875
0 0.5828125 0.140625 0.0515625 0.06458333333333334
0 0.246875 0.13541666666666666 0.05859375 0.08854166666666667
0 0.6234375 0.33125 0.06953125 0.09375
0 0.52734375 0.3125 0.0734375 0.11145833333333334
0 0.93359375 0.884375 0.11640625 0.19791666666666666
0 0.82109375 0.659375 0.10546875 0.153125
0 0.61640625 0.44895833333333335 0.075 0.11875
0 0.43515625 0.5 0.0734375 0.10104166666666667
0 0.08046875 0.5458333333333333 0.11953125 0.14791666666666667
0 0.1796875 0.28854166666666664 0.06796875 0.06875
0 0.084375 0.3854166666666667 0.0859375 0.11354166666666667