1 0.634375 0.16458333333333333 0.03046875 0.165625
1 0.64375 0.7072916666666667 0.07109375 0.18020833333333333
3 0.56171875 0.690625 0.0765625 0.15520833333333334
3 0.56328125 0.5427083333333333 0.0625 0.13854166666666667
3 0.6890625 0.41458333333333336 0.09140625 0.24166666666666667
3 0.30546875 0.16041666666666668 0.16640625 0.19791666666666666
0 0.61015625 0.8958333333333334 0.10390625 0.19270833333333334
0 0.46640625 0.7260416666666667 0.09140625 0.17291666666666666
0 0.29140625 0.7791666666666667 0.13046875 0.234375
0 0.28125 0.359375 0.1265625 0.190625
0 0.1453125 0.12708333333333333 0.17890625 0.21458333333333332