1 0.2578125 0.39375 0.0515625 0.10625
3 0.35234375 0.35104166666666664 0.07890625 0.10833333333333334
3 0.29453125 0.8520833333333333 0.171875 0.24166666666666667
3 0.728125 0.89375 0.096875 0.2125
0 0.1234375 0.8864583333333333 0.2 0.22708333333333333
0 0.09140625 0.6572916666666667 0.13046875 0.15833333333333333
0 0.33828125 0.646875 0.115625 0.16770833333333332
0 0.575 0.4864583333333333 0.0640625 0.10416666666666667
0 0.48828125 0.49270833333333336 0.07890625 0.12083333333333333
0 0.3796875 0.484375 0.08203125 0.14270833333333333
0 0.140625 0.37916666666666665 0.078125 0.09583333333333334
0 0.03125 0.409375 0.05390625 0.14270833333333333