1 0.47890625 0.165625 0.06640625 0.04895833333333333
1 0.82109375 0.5072916666666667 0.08359375 0.115625
1 0.90234375 0.7958333333333333 0.1234375 0.14583333333333334
1 0.3671875 0.8677083333333333 0.08203125 0.12604166666666666
3 0.709375 0.853125 0.09453125 0.15104166666666666
3 0.253125 0.9208333333333333 0.0625 0.084375
3 0.640625 0.39375 0.078125 0.12083333333333333
3 0.3421875 0.625 0.0625 0.10833333333333334
0 0.515625 0.6875 0.06640625 0.13125
0 0.078125 0.6760416666666667 0.059375 0.084375
0 0.325 0.28229166666666666 0.0359375 0.041666666666666664