0 0.07265625 0.4666666666666667 0.134375 0.178125
0 0.09921875 0.7604166666666666 0.1484375 0.15833333333333333
0 0.259375 0.728125 0.103125 0.14270833333333333
0 0.575 0.4427083333333333 0.09453125 0.13541666666666666
0 0.8109375 0.3802083333333333 0.10546875 0.16770833333333332
0 0.87890625 0.1 0.11640625 0.175
3 0.38203125 0.8916666666666667 0.09453125 0.1875
3 0.6125 0.70625 0.08046875 0.10833333333333334
3 0.82421875 0.5802083333333333 0.07890625 0.13333333333333333
3 0.7796875 0.73125 0.12890625 0.1875
3 0.59921875 0.23958333333333334 0.065625 0.128125
3 0.665625 0.38645833333333335 0.071875 0.16041666666666668
3 0.50859375 0.3885416666666667 0.125 0.13541666666666666
3 0.72265625 0.5010416666666667 0.10703125 0.2125
3 0.81953125 0.2375 0.075 0.10416666666666667
1 0.9125 0.28229166666666666 0.0859375 0.190625