3 0.31953125 0.5739583333333333 0.03359375 0.041666666666666664
3 0.375 0.6927083333333334 0.028125 0.052083333333333336
0 0.53671875 0.234375 0.03203125 0.06458333333333334
0 0.478125 0.19895833333333332 0.03046875 0.057291666666666664
0 0.703125 0.7552083333333334 0.040625 0.084375
0 0.74296875 0.734375 0.03359375 0.07604166666666666
0 0.2640625 0.5 0.028125 0.0375
0 0.39296875 0.46875 0.025 0.059375
0 0.34296875 0.415625 0.03359375 0.052083333333333336
0 0.19140625 0.8052083333333333 0.03359375 0.04479166666666667
0 0.39765625 0.915625 0.0375 0.07395833333333333
0 0.42578125 0.7447916666666666 0.040625 0.08125
0 0.25703125 0.7208333333333333 0.0390625 0.06875
0 0.05390625 0.725 0.05546875 0.06666666666666667
3 0.0578125 0.9239583333333333 0.0765625 0.08854166666666667