1 0.81484375 0.8447916666666667 0.1515625 0.21770833333333334
0 0.321875 0.3177083333333333 0.1 0.13541666666666666
0 0.52265625 0.16458333333333333 0.0734375 0.15520833333333334
0 0.60390625 0.35520833333333335 0.075 0.15833333333333333
0 0.696875 0.36666666666666664 0.09296875 0.18020833333333333
0 0.80390625 0.5489583333333333 0.10859375 0.190625
0 0.44609375 0.48541666666666666 0.06640625 0.13125
0 0.50625 0.6489583333333333 0.084375 0.14791666666666667
0 0.2015625 0.853125 0.125 0.20520833333333333
1 0.3 0.634375 0.16953125 0.14791666666666667
0 0.11640625 0.5375 0.1140625 0.140625