1 0.784375 0.9291666666666667 0.07890625 0.140625
3 0.80234375 0.765625 0.09296875 0.17291666666666666
0 0.8265625 0.23229166666666667 0.0890625 0.15833333333333333
0 0.50234375 0.9708333333333333 0.0671875 0.058333333333333334
0 0.58046875 0.9354166666666667 0.0859375 0.128125
0 0.671875 0.890625 0.0890625 0.13125
0 0.67265625 0.7041666666666667 0.09296875 0.16770833333333332
0 0.7203125 0.5020833333333333 0.0765625 0.14583333333333334
0 0.61015625 0.5958333333333333 0.07109375 0.140625
0 0.4375 0.046875 0.05546875 0.084375
0 0.478125 0.6979166666666666 0.065625 0.11145833333333334
0 0.14921875 0.7125 0.084375 0.16041666666666668
0 0.153125 0.44166666666666665 0.071875 0.08854166666666667