1 0.76015625 0.36666666666666664 0.12109375 0.08645833333333333
0 0.12578125 0.3489583333333333 0.07109375 0.115625
0 0.19765625 0.4322916666666667 0.07109375 0.10416666666666667
0 0.259375 0.4114583333333333 0.05546875 0.11145833333333334
0 0.18203125 0.31875 0.05859375 0.08854166666666667
0 0.33828125 0.578125 0.09296875 0.11875
0 0.6875 0.8885416666666667 0.1 0.1625
0 0.37890625 0.9520833333333333 0.09140625 0.09583333333333334
3 0.45625 0.6270833333333333 0.10703125 0.16770833333333332
3 0.58984375 0.61875 0.1125 0.2
3 0.71171875 0.7125 0.10703125 0.16041666666666668
1 0.240625 0.903125 0.140625 0.19375
3 0.84609375 0.9104166666666667 0.1328125 0.17916666666666667