3 0.7609375 0.37604166666666666 0.053125 0.03229166666666667
3 0.82578125 0.6052083333333333 0.0375 0.059375
3 0.63359375 0.31979166666666664 0.0359375 0.052083333333333336
0 0.715625 0.9604166666666667 0.0609375 0.07916666666666666
0 0.70703125 0.83125 0.0390625 0.09583333333333334
0 0.65 0.8020833333333334 0.04140625 0.07395833333333333
0 0.08359375 0.7916666666666666 0.053125 0.08125
0 0.15546875 0.6875 0.04453125 0.071875
0 0.375 0.8354166666666667 0.04453125 0.07604166666666666
0 0.41796875 0.315625 0.03046875 0.07916666666666666
0 0.359375 0.07916666666666666 0.021875 0.04479166666666667
0 0.3171875 0.04791666666666667 0.0375 0.06666666666666667
0 0.12109375 0.2375 0.0390625 0.059375