0 0.040625 0.9010416666666666 0.0734375 0.19791666666666666
0 0.96015625 0.5447916666666667 0.07890625 0.15520833333333334
0 0.50546875 0.15104166666666666 0.071875 0.11354166666666667
0 0.39765625 0.1125 0.07890625 0.13541666666666666
1 0.49140625 0.6822916666666666 0.15859375 0.13125
3 0.6328125 0.7395833333333334 0.12109375 0.2
3 0.24375 0.49270833333333336 0.08203125 0.115625
3 0.1921875 0.6614583333333334 0.11796875 0.153125
0 0.35234375 0.73125 0.0984375 0.1625
0 0.73828125 0.6354166666666666 0.08203125 0.15104166666666666
0 0.65625 0.45729166666666665 0.08203125 0.13854166666666667
0 0.48984375 0.26875 0.065625 0.11875
0 0.30390625 0.30416666666666664 0.071875 0.11354166666666667
1 0.4328125 0.434375 0.0625 0.17291666666666666