0 0.04921875 0.5239583333333333 0.07109375 0.084375
0 0.146875 0.5114583333333333 0.0859375 0.09375
0 0.2453125 0.46458333333333335 0.065625 0.08854166666666667
0 0.17578125 0.265625 0.05703125 0.09583333333333334
0 0.153125 0.3927083333333333 0.071875 0.10416666666666667
0 0.35703125 0.565625 0.078125 0.15833333333333333
0 0.42578125 0.4791666666666667 0.0765625 0.12395833333333334
0 0.521875 0.48020833333333335 0.065625 0.115625
0 0.47265625 0.5875 0.09609375 0.1625
0 0.5515625 0.66875 0.09140625 0.16770833333333332
0 0.4328125 0.8354166666666667 0.10390625 0.18541666666666667
0 0.215625 0.63125 0.115625 0.12083333333333333
0 0.109375 0.7041666666666667 0.09296875 0.14270833333333333
0 0.15859375 0.89375 0.1 0.18229166666666666
0 0.2828125 0.9541666666666667 0.1015625 0.09166666666666666
0 0.6578125 0.8354166666666667 0.090625 0.12604166666666666
3 0.3234375 0.24270833333333333 0.05546875 0.11145833333333334
3 0.24140625 0.328125 0.06953125 0.13854166666666667
3 0.29765625 0.721875 0.09609375 0.15520833333333334
1 0.54765625 0.825 0.109375 0.14270833333333333
2 0.81875 0.30520833333333336 0.06796875 0.10104166666666667