0 0.5265625 0.40729166666666666 0.021875 0.059375
0 0.4671875 0.7041666666666667 0.034375 0.05416666666666667
0 0.328125 0.7822916666666667 0.040625 0.06875
1 0.5265625 0.83125 0.05546875 0.0375
3 0.3796875 0.8510416666666667 0.03203125 0.0375
3 0.42265625 0.8927083333333333 0.04609375 0.06145833333333333
3 0.50546875 0.878125 0.0609375 0.06666666666666667
3 0.6453125 0.8510416666666667 0.0375 0.057291666666666664
3 0.5609375 0.7708333333333334 0.0359375 0.04479166666666667
3 0.8578125 0.5791666666666667 0.0484375 0.046875
3 0.846875 0.9520833333333333 0.0640625 0.09583333333333334
0 0.90625 0.6739583333333333 0.0484375 0.06875
0 0.67890625 0.7541666666666667 0.04140625 0.09166666666666666
0 0.7625 0.9354166666666667 0.05546875 0.128125