0 0.95859375 0.057291666666666664 0.0828125 0.10208333333333333
2 0.83671875 0.10104166666666667 0.0515625 0.084375
3 0.7078125 0.071875 0.09609375 0.13854166666666667
0 0.25078125 0.29583333333333334 0.05703125 0.10833333333333334
0 0.02890625 0.5385416666666667 0.05546875 0.13854166666666667
0 0.37265625 0.4979166666666667 0.06796875 0.165625
0 0.6125 0.7677083333333333 0.103125 0.1625
0 0.703125 0.5520833333333334 0.096875 0.17083333333333334
0 0.8015625 0.7125 0.11953125 0.190625
0 0.5875 0.9625 0.11640625 0.07395833333333333
0 0.3890625 0.20520833333333333 0.08046875 0.14791666666666667
3 0.65390625 0.2552083333333333 0.09453125 0.19479166666666667
3 0.53828125 0.34270833333333334 0.0625 0.11875
0 0.16875 0.7 0.15390625 0.175