1 0.58046875 0.6947916666666667 0.078125 0.18541666666666667
1 0.8296875 0.22395833333333334 0.14609375 0.10625
1 0.684375 0.29583333333333334 0.1109375 0.09895833333333333
0 0.42734375 0.9416666666666667 0.13203125 0.115625
0 0.4796875 0.7125 0.07109375 0.175
0 0.478125 0.46041666666666664 0.0640625 0.115625
0 0.36328125 0.4322916666666667 0.07890625 0.13333333333333333
0 0.3890625 0.5875 0.06953125 0.1625
0 0.66875 0.09166666666666666 0.07890625 0.14270833333333333
0 0.57578125 0.075 0.04609375 0.08125
0 0.48828125 0.11354166666666667 0.06796875 0.128125
0 0.2296875 0.6135416666666667 0.14296875 0.27395833333333336
0 0.0453125 0.740625 0.0875 0.246875
0 0.63828125 0.42916666666666664 0.0734375 0.10833333333333334
0 0.1078125 0.2552083333333333 0.15390625 0.2