0 0.52734375 0.734375 0.084375 0.15520833333333334
0 0.21328125 0.058333333333333334 0.04296875 0.07604166666666666
0 0.37734375 0.33958333333333335 0.059375 0.12083333333333333
0 0.240625 0.7145833333333333 0.08203125 0.14583333333333334
0 0.32578125 0.6333333333333333 0.06796875 0.10625
0 0.3640625 0.890625 0.0890625 0.140625
0 0.2515625 0.9625 0.09453125 0.07395833333333333
0 0.634375 0.8916666666666667 0.09453125 0.18229166666666666
0 0.6765625 0.6125 0.08046875 0.13333333333333333
0 0.828125 0.49270833333333336 0.103125 0.15520833333333334
0 0.96484375 0.55625 0.0703125 0.19583333333333333
0 0.94453125 0.8239583333333333 0.1109375 0.20520833333333333
0 0.68046875 0.08645833333333333 0.09140625 0.13333333333333333
0 0.884375 0.09270833333333334 0.12890625 0.16041666666666668
3 0.615625 0.18854166666666666 0.09453125 0.13541666666666666
3 0.7015625 0.21875 0.09140625 0.13125
3 0.68671875 0.32083333333333336 0.1015625 0.12395833333333334
3 0.559375 0.46458333333333335 0.071875 0.14791666666666667
3 0.6296875 0.5010416666666667 0.08203125 0.10416666666666667
3 0.4375 0.925 0.06640625 0.14583333333333334
3 0.278125 0.26145833333333335 0.05546875 0.13854166666666667
3 0.54296875 0.21979166666666666 0.05546875 0.10833333333333334
3 0.95625 0.18020833333333333 0.0875 0.11354166666666667
3 0.2765625 0.4010416666666667 0.05 0.08645833333333333
0 0.11328125 0.49270833333333336 0.084375 0.140625