3 0.609375 0.5395833333333333 0.028125 0.046875
3 0.06953125 0.83125 0.04453125 0.057291666666666664
3 0.17734375 0.8395833333333333 0.04609375 0.04479166666666667
3 0.29453125 0.6125 0.04140625 0.06875
3 0.2890625 0.7729166666666667 0.04453125 0.06458333333333334
3 0.6296875 0.9177083333333333 0.02890625 0.06666666666666667
3 0.6953125 0.6677083333333333 0.0515625 0.08125
3 0.8546875 0.41354166666666664 0.03203125 0.0375
3 0.8546875 0.5322916666666667 0.0484375 0.06666666666666667
3 0.7421875 0.44583333333333336 0.0375 0.046875
0 0.70078125 0.5614583333333333 0.034375 0.046875
0 0.8140625 0.34270833333333334 0.0359375 0.04895833333333333
0 0.5921875 0.9354166666666667 0.0265625 0.06458333333333334
0 0.56015625 0.859375 0.02890625 0.04895833333333333
0 0.42421875 0.7875 0.02109375 0.04479166666666667
0 0.49140625 0.7177083333333333 0.0359375 0.057291666666666664
0 0.25 0.8 0.03046875 0.03958333333333333
0 0.23984375 0.6354166666666666 0.034375 0.06666666666666667
0 0.25390625 0.4864583333333333 0.028125 0.04895833333333333
0 0.2203125 0.40520833333333334 0.03203125 0.04479166666666667