0 0.078125 0.7708333333333334 0.14609375 0.22708333333333333
0 0.39140625 0.63125 0.1 0.18541666666666667
0 0.1640625 0.9239583333333333 0.153125 0.15208333333333332
0 0.39609375 0.9114583333333334 0.0859375 0.17291666666666666
0 0.609375 0.7979166666666667 0.09140625 0.16770833333333332
0 0.7734375 0.9145833333333333 0.10859375 0.17083333333333334
0 0.5671875 0.953125 0.11796875 0.09375
0 0.48046875 0.0375 0.0890625 0.06458333333333334
3 0.5078125 0.234375 0.13203125 0.221875
3 0.509375 0.7052083333333333 0.13046875 0.29375
3 0.578125 0.5260416666666666 0.1140625 0.20208333333333334
3 0.64609375 0.4010416666666667 0.0859375 0.13541666666666666
3 0.72890625 0.384375 0.09453125 0.165625
1 0.22734375 0.6947916666666667 0.08203125 0.3333333333333333
1 0.821875 0.546875 0.059375 0.259375
0 0.8390625 0.051041666666666666 0.0640625 0.09583333333333334