1 0.43515625 0.029166666666666667 0.1015625 0.05416666666666667
1 0.6046875 0.34791666666666665 0.12109375 0.16770833333333332
1 0.68203125 0.5260416666666666 0.1609375 0.13333333333333333
3 0.5578125 0.8072916666666666 0.0625 0.14791666666666667
3 0.784375 0.896875 0.165625 0.20625
3 0.6296875 0.684375 0.10703125 0.17291666666666666
3 0.58359375 0.13333333333333333 0.09140625 0.153125
3 0.47265625 0.321875 0.11796875 0.175
3 0.35859375 0.4583333333333333 0.14140625 0.259375
3 0.178125 0.575 0.134375 0.22708333333333333
0 0.33671875 0.26145833333333335 0.07109375 0.10416666666666667
0 0.496875 0.16770833333333332 0.084375 0.15833333333333333
0 0.35859375 0.11458333333333333 0.09453125 0.15104166666666666
0 0.234375 0.07604166666666666 0.1109375 0.14791666666666667
0 0.0921875 0.15416666666666667 0.11796875 0.165625