0 0.34375 0.234375 0.03203125 0.059375
0 0.28125 0.3614583333333333 0.04296875 0.071875
0 0.33125 0.4583333333333333 0.040625 0.06666666666666667
0 0.46484375 0.7072916666666667 0.04296875 0.09583333333333334
0 0.52265625 0.675 0.040625 0.07604166666666666
0 0.8984375 0.5958333333333333 0.0640625 0.10104166666666667
0 0.953125 0.83125 0.065625 0.11145833333333334
0 0.5890625 0.17604166666666668 0.028125 0.046875
0 0.1890625 0.83125 0.0609375 0.10625
1 0.60078125 0.6989583333333333 0.065625 0.05416666666666667
1 0.6828125 0.771875 0.0734375 0.071875
1 0.7203125 0.50625 0.05390625 0.06875