3 0.14375 0.78125 0.12890625 0.13541666666666666
3 0.67578125 0.69375 0.0765625 0.11354166666666667
3 0.45625 0.5604166666666667 0.0484375 0.07916666666666666
3 0.496875 0.6052083333333333 0.05 0.06458333333333334
3 0.5765625 0.625 0.078125 0.12395833333333334
0 0.17734375 0.6708333333333333 0.0984375 0.10104166666666667
0 0.40703125 0.6760416666666667 0.0640625 0.09375
0 0.3 0.6572916666666667 0.0890625 0.09895833333333333
0 0.30703125 0.746875 0.078125 0.10104166666666667
0 0.62421875 0.846875 0.0734375 0.14270833333333333
0 0.7234375 0.8864583333333333 0.08046875 0.13854166666666667
0 0.8078125 0.88125 0.08203125 0.11875
1 0.5 0.7041666666666667 0.046875 0.14270833333333333
0 0.03828125 0.8989583333333333 0.0734375 0.1875