2 0.35390625 0.45729166666666665 0.10546875 0.17291666666666666
0 0.2109375 0.8885416666666667 0.11640625 0.221875
3 0.07734375 0.865625 0.140625 0.26458333333333334
3 0.38828125 0.7052083333333333 0.13203125 0.31875
3 0.60234375 0.7052083333333333 0.09609375 0.20520833333333333
1 0.53125 0.09270833333333334 0.0625 0.18020833333333333
1 0.60078125 0.29270833333333335 0.065625 0.28854166666666664
1 0.73515625 0.809375 0.065625 0.2760416666666667
3 0.29140625 0.18229166666666666 0.08046875 0.13854166666666667
3 0.609375 0.11979166666666667 0.0859375 0.11145833333333334
2 0.3703125 0.9697916666666667 0.034375 0.06041666666666667