3 0.57265625 0.26875 0.0375 0.07916666666666666
3 0.559375 0.6989583333333333 0.0359375 0.03958333333333333
3 0.5421875 0.9020833333333333 0.040625 0.06666666666666667
0 0.390625 0.9583333333333334 0.03359375 0.07916666666666666
0 0.559375 0.07604166666666666 0.02890625 0.059375
0 0.59140625 0.19895833333333332 0.03359375 0.0375
0 0.50078125 0.2760416666666667 0.03203125 0.04895833333333333
0 0.59296875 0.42916666666666664 0.025 0.04895833333333333
0 0.5578125 0.440625 0.0234375 0.03229166666666667
0 0.5484375 0.5385416666666667 0.028125 0.059375
0 0.515625 0.640625 0.03203125 0.06145833333333333
0 0.48203125 0.721875 0.03046875 0.06666666666666667
0 0.4484375 0.6458333333333334 0.0359375 0.06666666666666667
0 0.315625 0.6291666666666667 0.03359375 0.04895833333333333