1 0.93984375 0.134375 0.1203125 0.12291666666666666
1 0.91328125 0.228125 0.07109375 0.15104166666666666
1 0.47734375 0.509375 0.0875 0.08125
1 0.43359375 0.4083333333333333 0.1 0.07604166666666666
1 0.5765625 0.29583333333333334 0.0890625 0.10416666666666667
1 0.53359375 0.12708333333333333 0.05546875 0.18020833333333333
1 0.27265625 0.33125 0.1015625 0.06875
3 0.853125 0.825 0.1375 0.22708333333333333
3 0.22109375 0.9145833333333333 0.10859375 0.15520833333333334
3 0.13125 0.8677083333333333 0.06796875 0.12083333333333333
0 0.72421875 0.7739583333333333 0.09296875 0.17083333333333334
0 0.63828125 0.809375 0.084375 0.14270833333333333
0 0.746875 0.615625 0.071875 0.12083333333333333
0 0.64140625 0.5927083333333333 0.0609375 0.128125
0 0.4625 0.8447916666666667 0.08359375 0.13854166666666667
0 0.440625 0.61875 0.05859375 0.09166666666666666
0 0.340625 0.528125 0.06953125 0.11354166666666667
0 0.309375 0.25729166666666664 0.08046875 0.11354166666666667
0 0.340625 0.128125 0.05546875 0.07916666666666666
0 0.06953125 0.33958333333333335 0.06953125 0.09166666666666666