3 0.6078125 0.775 0.04609375 0.059375
3 0.44453125 0.7625 0.04140625 0.04895833333333333
3 0.16171875 0.35208333333333336 0.04296875 0.06145833333333333
3 0.12734375 0.2708333333333333 0.040625 0.052083333333333336
0 0.59375 0.521875 0.0234375 0.057291666666666664
0 0.59453125 0.39895833333333336 0.0359375 0.052083333333333336
0 0.50078125 0.4197916666666667 0.02890625 0.03958333333333333
0 0.47109375 0.46041666666666664 0.03359375 0.046875
0 0.4109375 0.434375 0.03046875 0.06458333333333334
0 0.809375 0.8677083333333333 0.08203125 0.13541666666666666
0 0.628125 0.8979166666666667 0.0484375 0.071875
0 0.3875 0.9447916666666667 0.053125 0.08645833333333333
0 0.41328125 0.8416666666666667 0.040625 0.05416666666666667
0 0.340625 0.6739583333333333 0.04609375 0.07916666666666666
0 0.246875 0.4708333333333333 0.04609375 0.057291666666666664