2 0.2953125 0.23958333333333334 0.059375 0.08854166666666667
0 0.27734375 0.42083333333333334 0.0734375 0.11145833333333334
0 0.37734375 0.4239583333333333 0.07109375 0.10104166666666667
0 0.27265625 0.5677083333333334 0.065625 0.09895833333333333
0 0.3734375 0.659375 0.08046875 0.15833333333333333
0 0.5125 0.734375 0.10859375 0.18020833333333333
0 0.31953125 0.8291666666666667 0.053125 0.084375
2 0.71796875 0.4739583333333333 0.06640625 0.09375
2 0.60859375 0.3885416666666667 0.06953125 0.10625
1 0.215625 0.8135416666666667 0.1265625 0.190625
1 0.92421875 0.43854166666666666 0.1515625 0.140625
3 0.7625 0.9114583333333334 0.11953125 0.17291666666666666
3 0.48046875 0.8958333333333334 0.05 0.09895833333333333