3 0.43203125 0.2375 0.04453125 0.06875
3 0.578125 0.17083333333333334 0.0375 0.059375
3 0.7640625 0.453125 0.10546875 0.12083333333333333
3 0.8890625 0.11875 0.075 0.10833333333333334
3 0.66640625 0.265625 0.071875 0.12083333333333333
3 0.540625 0.7135416666666666 0.0625 0.08854166666666667
0 0.746875 0.2864583333333333 0.06953125 0.128125
0 0.659375 0.4197916666666667 0.078125 0.10416666666666667
0 0.471875 0.48854166666666665 0.0515625 0.08854166666666667
0 0.2828125 0.8510416666666667 0.059375 0.09583333333333334
0 0.36640625 0.36875 0.053125 0.10104166666666667