0 0.346875 0.4 0.07109375 0.12395833333333334
0 0.40625 0.6864583333333333 0.0625 0.11875
0 0.6203125 0.6729166666666667 0.065625 0.115625
0 0.9765625 0.39791666666666664 0.046875 0.09583333333333334
3 0.590625 0.259375 0.0484375 0.06875
3 0.784375 0.9604166666666667 0.0625 0.07916666666666666
3 0.8609375 0.9520833333333333 0.046875 0.09583333333333334
1 0.0921875 0.31354166666666666 0.1265625 0.07395833333333333
1 0.71484375 0.6427083333333333 0.0484375 0.140625
1 0.57578125 0.484375 0.0375 0.14791666666666667
3 0.78828125 0.19791666666666666 0.04609375 0.06458333333333334