0 0.53671875 0.1375 0.05703125 0.10625
0 0.221875 0.259375 0.065625 0.09895833333333333
0 0.20859375 0.940625 0.09453125 0.11875
0 0.571875 0.8177083333333334 0.06796875 0.14270833333333333
0 0.63984375 0.684375 0.09609375 0.19791666666666666
0 0.54375 0.5354166666666667 0.059375 0.12395833333333334
0 0.60546875 0.271875 0.0859375 0.17291666666666666
0 0.43125 0.3572916666666667 0.084375 0.140625
0 0.4 0.084375 0.06640625 0.13333333333333333
0 0.13515625 0.715625 0.07890625 0.10416666666666667
0 0.9640625 0.10104166666666667 0.071875 0.19270833333333334
0 0.66640625 0.059375 0.06953125 0.11354166666666667
0 0.471875 0.209375 0.07109375 0.13333333333333333
0 0.190625 0.60625 0.1140625 0.12604166666666666
1 0.4859375 0.6791666666666667 0.103125 0.19270833333333334
1 0.37109375 0.5520833333333334 0.053125 0.115625
3 0.6515625 0.48020833333333335 0.09453125 0.14583333333333334
3 0.853125 0.259375 0.090625 0.153125
3 0.45625 0.8020833333333334 0.07109375 0.14270833333333333
2 0.434375 0.565625 0.0390625 0.059375
2 0.5046875 0.39479166666666665 0.02109375 0.05416666666666667