3 0.7671875 0.48020833333333335 0.065625 0.07604166666666666
3 0.56015625 0.8708333333333333 0.09296875 0.17083333333333334
3 0.5796875 0.615625 0.0734375 0.13541666666666666
3 0.56328125 0.4552083333333333 0.0625 0.115625
1 0.6734375 0.571875 0.0859375 0.10625
1 0.6171875 0.3177083333333333 0.090625 0.11145833333333334
1 0.15078125 0.26875 0.1234375 0.11354166666666667
0 0.60390625 0.9572916666666667 0.0609375 0.08541666666666667
0 0.62421875 0.7333333333333333 0.0734375 0.10416666666666667
0 0.35078125 0.9416666666666667 0.115625 0.115625
0 0.440625 0.909375 0.090625 0.15520833333333334
0 0.353125 0.8114583333333333 0.06796875 0.11145833333333334
0 0.24921875 0.9083333333333333 0.090625 0.153125
0 0.103125 0.9395833333333333 0.10546875 0.12083333333333333
0 0.8515625 0.48020833333333335 0.053125 0.09583333333333334
0 0.7953125 0.5427083333333333 0.059375 0.07916666666666666
0 0.821875 0.11979166666666667 0.034375 0.09166666666666666
0 0.778125 0.128125 0.05546875 0.08854166666666667
0 0.684375 0.084375 0.05546875 0.09895833333333333
0 0.6515625 0.22708333333333333 0.05546875 0.10833333333333334
0 0.5421875 0.15729166666666666 0.0625 0.140625
0 0.534375 0.28229166666666666 0.0640625 0.11145833333333334
0 0.49375 0.38645833333333335 0.065625 0.11145833333333334
0 0.3875 0.440625 0.06640625 0.115625
0 0.15859375 0.546875 0.0890625 0.08645833333333333
0 0.325 0.09895833333333333 0.078125 0.11354166666666667
0 0.2265625 0.12083333333333333 0.053125 0.07916666666666666
0 0.12265625 0.17291666666666666 0.090625 0.12395833333333334