2 0.05390625 0.50625 0.08359375 0.14270833333333333
2 0.52578125 0.7572916666666667 0.0375 0.071875
2 0.4375 0.6916666666666667 0.053125 0.09895833333333333
2 0.69921875 0.35833333333333334 0.05703125 0.07395833333333333
2 0.2359375 0.6333333333333333 0.0359375 0.041666666666666664
2 0.359375 0.5708333333333333 0.05703125 0.08854166666666667
2 0.41953125 0.38229166666666664 0.04140625 0.059375
2 0.515625 0.615625 0.09609375 0.16041666666666668
3 0.671875 0.61875 0.128125 0.18541666666666667
3 0.35625 0.8333333333333334 0.05703125 0.115625
1 0.25625 0.690625 0.140625 0.175
1 0.184375 0.5520833333333334 0.1609375 0.09583333333333334
0 0.05625 0.95625 0.103125 0.0875
0 0.275 0.3145833333333333 0.0859375 0.15104166666666666
0 0.11015625 0.04791666666666667 0.07890625 0.08645833333333333
0 0.075 0.19270833333333334 0.05546875 0.09375