1 0.11015625 0.7333333333333333 0.14296875 0.16770833333333332
0 0.515625 0.4822916666666667 0.03046875 0.052083333333333336
3 0.6359375 0.7083333333333334 0.046875 0.04895833333333333
3 0.49453125 0.778125 0.053125 0.06458333333333334
3 0.44453125 0.7427083333333333 0.05546875 0.07916666666666666
3 0.278125 0.765625 0.05 0.07395833333333333
3 0.2265625 0.5864583333333333 0.06953125 0.11145833333333334
3 0.21015625 0.3385416666666667 0.13203125 0.178125
0 0.334375 0.8802083333333334 0.07109375 0.13541666666666666
0 0.3953125 0.63125 0.059375 0.13541666666666666
0 0.3734375 0.40729166666666666 0.05 0.08854166666666667
0 0.42734375 0.328125 0.0625 0.09375
0 0.184375 0.023958333333333335 0.05703125 0.0375
0 0.12265625 0.10416666666666667 0.059375 0.07395833333333333