0 0.08203125 0.3958333333333333 0.11953125 0.175
0 0.21875 0.3375 0.07890625 0.11145833333333334
0 0.3078125 0.39375 0.0984375 0.13541666666666666
0 0.42890625 0.44166666666666665 0.0890625 0.14270833333333333
0 0.5640625 0.490625 0.0859375 0.14583333333333334
0 0.4046875 0.5927083333333333 0.065625 0.09895833333333333
0 0.1765625 0.525 0.10546875 0.165625
0 0.0234375 0.546875 0.04453125 0.165625
3 0.3046875 0.21875 0.07109375 0.10625
3 0.38359375 0.31875 0.10859375 0.13854166666666667
3 0.2796875 0.5572916666666666 0.09296875 0.14583333333333334
3 0.425 0.8291666666666667 0.1609375 0.25729166666666664
3 0.546875 0.6541666666666667 0.1234375 0.19791666666666666
3 0.24453125 0.9427083333333334 0.13359375 0.11354166666666667
1 0.6671875 0.10833333333333334 0.0984375 0.15833333333333333
1 0.49765625 0.30104166666666665 0.1125 0.09895833333333333
1 0.6875 0.6614583333333334 0.14140625 0.17291666666666666
1 0.7640625 0.9375 0.109375 0.125
3 0.64765625 0.4125 0.1125 0.14791666666666667
1 0.45390625 0.058333333333333334 0.08359375 0.09166666666666666