3 0.70546875 0.853125 0.06953125 0.18541666666666667
3 0.334375 0.753125 0.115625 0.3260416666666667
3 0.2609375 0.89375 0.05546875 0.178125
3 0.53515625 0.7614583333333333 0.10390625 0.19479166666666667
3 0.36796875 0.8489583333333334 0.10859375 0.21770833333333334
3 0.434375 0.8958333333333334 0.125 0.20729166666666668
3 0.7390625 0.6916666666666667 0.1109375 0.16770833333333332
0 0.534375 0.18020833333333333 0.046875 0.08854166666666667
0 0.22265625 0.7125 0.1265625 0.21458333333333332
0 0.078125 0.29583333333333334 0.103125 0.16770833333333332
0 0.21875 0.06458333333333334 0.109375 0.10833333333333334