2 0.4765625 0.9270833333333334 0.078125 0.11145833333333334
0 0.33828125 0.3541666666666667 0.04609375 0.08125
0 0.4171875 0.20416666666666666 0.0265625 0.041666666666666664
0 0.565625 0.24895833333333334 0.03359375 0.04895833333333333
0 0.6828125 0.3375 0.0265625 0.052083333333333336
0 0.71015625 0.38125 0.0234375 0.046875
0 0.58046875 0.465625 0.03046875 0.052083333333333336
0 0.63671875 0.525 0.0375 0.06145833333333333
0 0.65234375 0.6239583333333333 0.034375 0.06145833333333333
0 0.546875 0.80625 0.053125 0.09166666666666666
0 0.26640625 0.32916666666666666 0.028125 0.052083333333333336
0 0.2890625 0.3885416666666667 0.028125 0.057291666666666664
3 0.284375 0.734375 0.05703125 0.06145833333333333
1 0.6203125 0.915625 0.0734375 0.06875