0 0.02109375 0.5135416666666667 0.0359375 0.084375
0 0.3703125 0.3416666666666667 0.05390625 0.11145833333333334
0 0.68359375 0.15520833333333334 0.03359375 0.059375
0 0.63203125 0.05416666666666667 0.03359375 0.059375
0 0.1140625 0.2604166666666667 0.08046875 0.12083333333333333
0 0.27734375 0.521875 0.05390625 0.08125
0 0.825 0.93125 0.075 0.10833333333333334
0 0.7203125 0.32916666666666666 0.040625 0.06666666666666667
3 0.1671875 0.5625 0.06796875 0.07916666666666666
3 0.5171875 0.7802083333333333 0.0734375 0.09895833333333333
3 0.634375 0.446875 0.03359375 0.05416666666666667
0 0.8234375 0.215625 0.04140625 0.052083333333333336
0 0.87421875 0.19791666666666666 0.02890625 0.05416666666666667
1 0.765625 0.7645833333333333 0.078125 0.046875
1 0.778125 0.834375 0.05859375 0.06458333333333334
3 0.92421875 0.809375 0.05703125 0.07395833333333333