0 0.11015625 0.20520833333333333 0.0625 0.11354166666666667
0 0.40625 0.221875 0.065625 0.09895833333333333
0 0.57734375 0.0375 0.05703125 0.06458333333333334
0 0.18671875 0.4041666666666667 0.06796875 0.10104166666666667
3 0.45625 0.47291666666666665 0.059375 0.08645833333333333
1 0.58671875 0.47291666666666665 0.0484375 0.15520833333333334
1 0.5484375 0.24166666666666667 0.046875 0.09895833333333333
1 0.58984375 0.31354166666666666 0.0875 0.07916666666666666
1 0.86953125 0.6145833333333334 0.196875 0.11354166666666667
1 0.696875 0.7125 0.115625 0.29375
1 0.50546875 0.70625 0.071875 0.30104166666666665
0 0.19140625 0.7 0.08359375 0.14583333333333334