0 0.3015625 0.39375 0.0359375 0.052083333333333336
0 0.24921875 0.8041666666666667 0.0515625 0.09166666666666666
0 0.259375 0.7177083333333333 0.03359375 0.041666666666666664
0 0.07265625 0.5604166666666667 0.0625 0.07916666666666666
0 0.565625 0.678125 0.0375 0.071875
0 0.8125 0.7260416666666667 0.05859375 0.09375
0 0.50234375 0.665625 0.04609375 0.06666666666666667
0 0.59453125 0.3614583333333333 0.04140625 0.052083333333333336
0 0.21171875 0.4375 0.02890625 0.034375
3 0.06015625 0.9166666666666666 0.1078125 0.16666666666666666
3 0.5421875 0.9270833333333334 0.06796875 0.09583333333333334
3 0.93203125 0.890625 0.04453125 0.08645833333333333