3 0.225 0.4791666666666667 0.146875 0.15833333333333333
0 0.5484375 0.10208333333333333 0.06953125 0.09583333333333334
0 0.66484375 0.16145833333333334 0.0734375 0.12604166666666666
0 0.828125 0.14479166666666668 0.07109375 0.10625
0 0.528125 0.46041666666666664 0.0890625 0.140625
0 0.69296875 0.8052083333333333 0.08046875 0.17291666666666666
0 0.89453125 0.3416666666666667 0.075 0.115625
0 0.8953125 0.475 0.06796875 0.09583333333333334
0 0.87421875 0.6083333333333333 0.059375 0.11145833333333334
0 0.8265625 0.615625 0.0640625 0.10625
0 0.78203125 0.690625 0.0890625 0.115625
0 0.81328125 0.8197916666666667 0.065625 0.15833333333333333
0 0.8640625 0.7927083333333333 0.053125 0.11875
1 0.16328125 0.246875 0.09296875 0.11354166666666667
1 0.709375 0.5958333333333333 0.0875 0.27395833333333336