0 0.6703125 0.04583333333333333 0.0265625 0.052083333333333336
3 0.26796875 0.12604166666666666 0.04140625 0.07395833333333333
0 0.34609375 0.03125 0.03046875 0.041666666666666664
0 0.45390625 0.284375 0.028125 0.05416666666666667
0 0.50078125 0.04479166666666667 0.02890625 0.04895833333333333
0 0.559375 0.052083333333333336 0.03359375 0.04479166666666667
0 0.78515625 0.2677083333333333 0.04609375 0.071875
0 0.8125 0.42083333333333334 0.04140625 0.071875
0 0.765625 0.353125 0.0390625 0.06875
0 0.5765625 0.5885416666666666 0.04140625 0.071875
0 0.66640625 0.6322916666666667 0.0390625 0.07395833333333333
0 0.853125 0.8041666666666667 0.075 0.09583333333333334
0 0.340625 0.778125 0.059375 0.128125
0 0.36015625 0.5479166666666667 0.04296875 0.059375
0 0.2765625 0.5572916666666666 0.053125 0.071875
0 0.1609375 0.2989583333333333 0.028125 0.04895833333333333
0 0.11328125 0.18541666666666667 0.040625 0.06875