0 0.375 0.56875 0.05 0.09166666666666666
1 0.60234375 0.6354166666666666 0.0625 0.052083333333333336
1 0.659375 0.5072916666666667 0.06953125 0.052083333333333336
1 0.53359375 0.9354166666666667 0.0609375 0.07916666666666666
1 0.5734375 0.8385416666666666 0.03359375 0.052083333333333336
0 0.0984375 0.6041666666666666 0.053125 0.06145833333333333
0 0.06875 0.825 0.040625 0.04895833333333333
0 0.30546875 0.19895833333333332 0.028125 0.046875
1 0.14375 0.8708333333333333 0.08203125 0.052083333333333336
1 0.3765625 0.8854166666666666 0.078125 0.07604166666666666
3 0.73671875 0.628125 0.0375 0.071875
3 0.7796875 0.6520833333333333 0.065625 0.09895833333333333