0 0.48125 0.134375 0.02890625 0.041666666666666664
3 0.80390625 0.9333333333333333 0.0390625 0.07395833333333333
1 0.67578125 0.440625 0.09296875 0.175
3 0.47109375 0.9708333333333333 0.0515625 0.058333333333333334
3 0.221875 0.9447916666666667 0.046875 0.08125
3 0.17109375 0.8979166666666667 0.05859375 0.08125
3 0.36171875 0.821875 0.04296875 0.06458333333333334
3 0.5546875 0.5739583333333333 0.0515625 0.09166666666666666
3 0.4328125 0.33229166666666665 0.0625 0.10625
3 0.06015625 0.6625 0.06796875 0.10104166666666667
0 0.5953125 0.9125 0.059375 0.11145833333333334
0 0.3390625 0.7375 0.053125 0.071875
0 0.84765625 0.9239583333333333 0.0515625 0.08854166666666667
0 0.61328125 0.16875 0.02890625 0.052083333333333336
0 0.65078125 0.621875 0.0484375 0.09895833333333333
0 0.5234375 0.3729166666666667 0.05546875 0.09375
0 0.23671875 0.32395833333333335 0.05390625 0.07916666666666666