0 0.41640625 0.125 0.04140625 0.046875
0 0.70390625 0.190625 0.03046875 0.04895833333333333
0 0.6484375 0.178125 0.028125 0.06875
0 0.58671875 0.18541666666666667 0.02109375 0.05416666666666667
0 0.5453125 0.17395833333333333 0.0265625 0.046875
3 0.934375 0.6385416666666667 0.07109375 0.13541666666666666
3 0.753125 0.7645833333333333 0.115625 0.17083333333333334
3 0.5859375 0.8666666666666667 0.06640625 0.13333333333333333
3 0.2078125 0.46041666666666664 0.04296875 0.08645833333333333
3 0.153125 0.4552083333333333 0.05546875 0.08645833333333333
0 0.3125 0.3541666666666667 0.0640625 0.10104166666666667