1 0.778125 0.06458333333333334 0.1390625 0.11875
2 0.1921875 0.5989583333333334 0.04609375 0.11145833333333334
1 0.53828125 0.6354166666666666 0.10390625 0.15104166666666666
1 0.56484375 0.5114583333333333 0.08203125 0.09375
1 0.40703125 0.21458333333333332 0.0359375 0.19791666666666666
1 0.475 0.40729166666666666 0.075 0.153125
3 0.690625 0.3385416666666667 0.05703125 0.09895833333333333
3 0.609375 0.20416666666666666 0.08359375 0.16041666666666668
3 0.365625 0.8260416666666667 0.075 0.15104166666666666
0 0.5234375 0.07291666666666667 0.078125 0.140625
0 0.4171875 0.051041666666666666 0.08203125 0.09166666666666666
0 0.31484375 0.33541666666666664 0.0875 0.11354166666666667