2 0.671875 0.23229166666666667 0.025 0.034375
3 0.209375 0.9416666666666667 0.14453125 0.115625
3 0.90234375 0.20729166666666668 0.090625 0.15833333333333333
1 0.7015625 0.6708333333333333 0.16953125 0.2
1 0.5796875 0.384375 0.1515625 0.11145833333333334
1 0.57421875 0.17604166666666668 0.10703125 0.09166666666666666
3 0.04921875 0.19375 0.09296875 0.24479166666666666
3 0.4609375 0.057291666666666664 0.10546875 0.10416666666666667
3 0.52578125 0.7416666666666667 0.1234375 0.209375
3 0.409375 0.546875 0.1 0.17083333333333334
3 0.30625 0.5947916666666667 0.090625 0.178125
0 0.06484375 0.890625 0.1265625 0.21875
0 0.3453125 0.353125 0.084375 0.153125