0 0.39296875 0.21875 0.05859375 0.08645833333333333
0 0.365625 0.490625 0.065625 0.10625
0 0.3734375 0.6333333333333333 0.05859375 0.11145833333333334
0 0.471875 0.36666666666666664 0.06640625 0.10104166666666667
0 0.4875 0.490625 0.08359375 0.12604166666666666
0 0.478125 0.6385416666666667 0.0734375 0.12083333333333333
0 0.634375 0.228125 0.0640625 0.11145833333333334
0 0.88984375 0.24479166666666666 0.0734375 0.13333333333333333
0 0.81328125 0.3645833333333333 0.0765625 0.115625
0 0.96171875 0.31875 0.0765625 0.14270833333333333
0 0.9453125 0.5385416666666667 0.109375 0.16041666666666668
0 0.8 0.565625 0.103125 0.1625
0 0.78984375 0.946875 0.1015625 0.10625
0 0.5296875 0.946875 0.05703125 0.09166666666666666
3 0.365625 0.853125 0.09140625 0.13125
3 0.5375 0.815625 0.05 0.09166666666666666
3 0.734375 0.6729166666666667 0.078125 0.14583333333333334
3 0.88671875 0.7989583333333333 0.0765625 0.140625
3 0.734375 0.4552083333333333 0.06640625 0.10625
1 0.40625 0.7135416666666666 0.09609375 0.06875
0 0.19921875 0.5416666666666666 0.09609375 0.115625
3 0.38203125 0.35104166666666664 0.05546875 0.09375
1 0.625 0.353125 0.0640625 0.07916666666666666