0 0.771875 0.053125 0.0765625 0.10104166666666667
0 0.07890625 0.334375 0.13046875 0.19479166666666667
0 0.346875 0.6114583333333333 0.13046875 0.209375
0 0.5703125 0.44583333333333336 0.090625 0.15520833333333334
0 0.7046875 0.415625 0.10390625 0.190625
0 0.84453125 0.3458333333333333 0.0890625 0.153125
0 0.96171875 0.421875 0.0765625 0.1625
0 0.9125 0.88125 0.11953125 0.19270833333333334
0 0.05859375 0.88125 0.1109375 0.2375
3 0.7046875 0.6 0.0875 0.13854166666666667
3 0.8125 0.56875 0.096875 0.18020833333333333
3 0.9125 0.5572916666666666 0.121875 0.16041666666666668
1 0.509375 0.69375 0.165625 0.18229166666666666
1 0.74375 0.725 0.1875 0.13541666666666666
1 0.734375 0.2916666666666667 0.12109375 0.28125
3 0.87890625 0.14270833333333333 0.11640625 0.13854166666666667