2 0.72734375 0.12604166666666666 0.0234375 0.029166666666666667
1 0.815625 0.340625 0.065625 0.07916666666666666
0 0.38828125 0.08541666666666667 0.059375 0.08125
0 0.76875 0.234375 0.06796875 0.08854166666666667
0 0.27578125 0.48541666666666666 0.040625 0.09583333333333334
0 0.38984375 0.9375 0.0921875 0.125
3 0.57265625 0.7760416666666666 0.109375 0.20520833333333333
3 0.56171875 0.16145833333333334 0.08203125 0.08125
1 0.6609375 0.421875 0.09453125 0.10416666666666667
1 0.64296875 0.08229166666666667 0.028125 0.09583333333333334
1 0.1015625 0.490625 0.028125 0.12083333333333333