2 0.890625 0.37395833333333334 0.04296875 0.046875
2 0.34140625 0.58125 0.0390625 0.0375
2 0.31796875 0.6145833333333334 0.021875 0.03958333333333333
2 0.50625 0.5822916666666667 0.0265625 0.029166666666666667
2 0.3765625 0.30833333333333335 0.05546875 0.05416666666666667
2 0.4015625 0.2791666666666667 0.0390625 0.04479166666666667
0 0.7921875 0.765625 0.10703125 0.1625
0 0.75625 0.6114583333333333 0.1015625 0.18541666666666667
0 0.7296875 0.43854166666666666 0.1125 0.15520833333333334
0 0.66328125 0.5270833333333333 0.090625 0.13541666666666666
0 0.859375 0.5125 0.121875 0.165625
0 0.8140625 0.340625 0.06953125 0.10833333333333334
0 0.80703125 0.2125 0.06953125 0.13854166666666667
0 0.7375 0.13333333333333333 0.05859375 0.11354166666666667
0 0.63125 0.221875 0.07109375 0.10416666666666667
0 0.46640625 0.18645833333333334 0.05859375 0.10104166666666667
0 0.29765625 0.9125 0.0875 0.175
0 0.5796875 0.8135416666666667 0.07109375 0.14583333333333334
0 0.42734375 0.9395833333333333 0.09609375 0.12083333333333333
0 0.490625 0.7510416666666667 0.078125 0.16770833333333332
0 0.4125 0.7739583333333333 0.06640625 0.13541666666666666
0 0.35859375 0.509375 0.05859375 0.09166666666666666
0 0.290625 0.5239583333333333 0.071875 0.10416666666666667
0 0.5015625 0.37083333333333335 0.078125 0.11354166666666667
0 0.37890625 0.3854166666666667 0.0640625 0.084375
0 0.4265625 0.4947916666666667 0.075 0.071875
0 0.41015625 0.5791666666666667 0.0765625 0.09583333333333334
0 0.26015625 0.6447916666666667 0.0734375 0.10416666666666667