3 0.54296875 0.40208333333333335 0.04453125 0.06458333333333334
3 0.60390625 0.4739583333333333 0.04140625 0.05416666666666667
3 0.384375 0.6354166666666666 0.0484375 0.06666666666666667
3 0.33984375 0.690625 0.0484375 0.06145833333333333
0 0.54375 0.284375 0.02109375 0.029166666666666667
0 0.5734375 0.228125 0.01640625 0.03229166666666667
0 0.9796875 0.3645833333333333 0.040625 0.08645833333333333
0 0.95 0.22604166666666667 0.04140625 0.06666666666666667
0 0.86875 0.8385416666666666 0.059375 0.10625
0 0.7625 0.7208333333333333 0.05 0.10416666666666667
0 0.775 0.5927083333333333 0.0640625 0.09375
0 0.6890625 0.6135416666666667 0.04453125 0.08125
0 0.62734375 0.36666666666666664 0.040625 0.06666666666666667
0 0.44609375 0.909375 0.04140625 0.08645833333333333
0 0.390625 0.79375 0.0265625 0.06666666666666667
0 0.42421875 0.5479166666666667 0.03203125 0.05416666666666667
0 0.340625 0.5447916666666667 0.0265625 0.06145833333333333
0 0.159375 0.7802083333333333 0.04140625 0.05416666666666667