1 0.496875 0.61875 0.15546875 0.190625
3 0.765625 0.5947916666666667 0.14140625 0.18229166666666666
3 0.80859375 0.4510416666666667 0.10859375 0.13541666666666666
3 0.615625 0.7739583333333333 0.09296875 0.165625
3 0.43515625 0.5239583333333333 0.090625 0.13854166666666667
0 0.91015625 0.06041666666666667 0.1375 0.10625
0 0.76953125 0.2520833333333333 0.11640625 0.19791666666666666
0 0.578125 0.3572916666666667 0.09296875 0.17083333333333334
0 0.446875 0.9322916666666666 0.08203125 0.13125
0 0.3734375 0.740625 0.05546875 0.10833333333333334
0 0.29609375 0.9260416666666667 0.0859375 0.09895833333333333
0 0.203125 0.840625 0.0875 0.13541666666666666
0 0.240625 0.5979166666666667 0.071875 0.10833333333333334
0 0.359375 0.575 0.06953125 0.10833333333333334
0 0.41171875 0.415625 0.0734375 0.11145833333333334
0 0.29609375 0.36041666666666666 0.05859375 0.128125
0 0.359375 0.3020833333333333 0.05390625 0.08125
0 0.40703125 0.23125 0.078125 0.12604166666666666
0 0.490625 0.20208333333333334 0.0890625 0.128125
0 0.4546875 0.05416666666666667 0.0875 0.09375