1 0.221875 0.6927083333333334 0.09296875 0.071875
0 0.2078125 0.359375 0.040625 0.057291666666666664
0 0.15390625 0.559375 0.06640625 0.10104166666666667
0 0.26484375 0.865625 0.06796875 0.10104166666666667
0 0.21015625 0.8072916666666666 0.065625 0.04895833333333333
0 0.59609375 0.5802083333333333 0.05859375 0.11875
0 0.665625 0.453125 0.0484375 0.08645833333333333
0 0.76796875 0.8625 0.08046875 0.12083333333333333
0 0.02265625 0.278125 0.04296875 0.06666666666666667
0 0.021875 0.7041666666666667 0.0390625 0.06458333333333334
0 0.490625 0.090625 0.0265625 0.046875
3 0.0328125 0.7802083333333333 0.0625 0.08854166666666667
3 0.10390625 0.6 0.04453125 0.06875
3 0.1796875 0.621875 0.0625 0.07395833333333333
3 0.0890625 0.13958333333333334 0.046875 0.06145833333333333
3 0.365625 0.1125 0.075 0.10104166666666667
3 0.790625 0.3645833333333333 0.05546875 0.06666666666666667
3 0.91953125 0.46770833333333334 0.0890625 0.08125
3 0.65 0.5645833333333333 0.05 0.08645833333333333
3 0.84375 0.22083333333333333 0.0515625 0.057291666666666664
3 0.44140625 0.365625 0.04453125 0.06875
1 0.5375 0.7854166666666667 0.05859375 0.153125
1 0.9484375 0.44479166666666664 0.1 0.14791666666666667
1 0.8828125 0.8854166666666666 0.08203125 0.19479166666666667