1 0.83125 0.8541666666666666 0.0765625 0.10416666666666667
1 0.6984375 0.871875 0.071875 0.2125
3 0.4 0.96875 0.053125 0.06145833333333333
0 0.31953125 0.171875 0.0359375 0.046875
0 0.26484375 0.22708333333333333 0.0234375 0.04895833333333333
0 0.1875 0.20625 0.04140625 0.06145833333333333
0 0.115625 0.24791666666666667 0.06796875 0.09583333333333334
0 0.628125 0.23229166666666667 0.06953125 0.12395833333333334
0 0.915625 0.7625 0.103125 0.14270833333333333
0 0.903125 0.5458333333333333 0.12890625 0.16770833333333332
0 0.575 0.940625 0.071875 0.11875
0 0.221875 0.9270833333333334 0.065625 0.14583333333333334
3 0.7421875 0.5479166666666667 0.0625 0.09375
3 0.1609375 0.6447916666666667 0.06640625 0.07916666666666666