2 0.809375 0.17916666666666667 0.0265625 0.0375
3 0.534375 0.5739583333333333 0.0515625 0.115625
3 0.69140625 0.39166666666666666 0.1 0.17083333333333334
3 0.79453125 0.41875 0.09140625 0.13541666666666666
3 0.75546875 0.8020833333333334 0.096875 0.1875
1 0.190625 0.13333333333333333 0.07890625 0.246875
1 0.6609375 0.20520833333333333 0.078125 0.15833333333333333
1 0.45625 0.8177083333333334 0.1375 0.25729166666666664
1 0.63671875 0.6854166666666667 0.1234375 0.29375
0 0.53984375 0.2552083333333333 0.0765625 0.14583333333333334
0 0.11640625 0.7645833333333333 0.08046875 0.12083333333333333