1 0.7625 0.7989583333333333 0.04453125 0.13125
3 0.56015625 0.5239583333333333 0.034375 0.04479166666666667
3 0.92421875 0.5083333333333333 0.05703125 0.08854166666666667
3 0.86328125 0.6760416666666667 0.065625 0.07395833333333333
3 0.6984375 0.6125 0.053125 0.06875
0 0.8359375 0.090625 0.03359375 0.041666666666666664
0 0.709375 0.12395833333333334 0.025 0.04895833333333333
0 0.47890625 0.21145833333333333 0.025 0.03229166666666667
0 0.234375 0.9479166666666666 0.065625 0.07916666666666666
0 0.115625 0.8625 0.04453125 0.06666666666666667
0 0.4125 0.7979166666666667 0.046875 0.084375
0 0.49921875 0.4864583333333333 0.0375 0.07916666666666666
0 0.421875 0.3458333333333333 0.03359375 0.04895833333333333