0 0.41640625 0.4864583333333333 0.0640625 0.128125
0 0.21171875 0.029166666666666667 0.05703125 0.05416666666666667
0 0.315625 0.0625 0.04140625 0.07604166666666666
0 0.20234375 0.28541666666666665 0.0625 0.10104166666666667
0 0.2859375 0.3729166666666667 0.08359375 0.10833333333333334
0 0.40234375 0.32083333333333336 0.05703125 0.08854166666666667
0 0.11171875 0.39375 0.109375 0.13125
0 0.1203125 0.5416666666666666 0.10703125 0.17083333333333334
0 0.2625 0.559375 0.08359375 0.13125
0 0.53203125 0.40729166666666666 0.05859375 0.09895833333333333
0 0.54765625 0.171875 0.04609375 0.09166666666666666
0 0.5953125 0.18229166666666666 0.04296875 0.084375
0 0.721875 0.30104166666666665 0.0625 0.084375
0 0.471875 0.521875 0.05 0.115625
0 0.36484375 0.7927083333333333 0.109375 0.17291666666666666
0 0.24296875 0.9208333333333333 0.13046875 0.15833333333333333
0 0.60859375 0.49895833333333334 0.06640625 0.10416666666666667
0 0.68359375 0.46458333333333335 0.06953125 0.10833333333333334
0 0.73203125 0.42083333333333334 0.0609375 0.10625
0 0.81953125 0.4875 0.0640625 0.09166666666666666
0 0.6921875 0.5739583333333333 0.06796875 0.12604166666666666
0 0.7734375 0.7114583333333333 0.0859375 0.13854166666666667
0 0.7796875 0.5520833333333334 0.0984375 0.18541666666666667
0 0.89140625 0.9458333333333333 0.1 0.10833333333333334
3 0.27265625 0.734375 0.109375 0.15104166666666666
3 0.86171875 0.6520833333333333 0.10390625 0.18229166666666666
1 0.61171875 0.659375 0.1125 0.28125