1 0.46953125 0.73125 0.11953125 0.128125
1 0.3 0.26666666666666666 0.046875 0.14791666666666667
3 0.95703125 0.709375 0.0859375 0.209375
3 0.42265625 0.9229166666666667 0.1046875 0.15416666666666667
3 0.659375 0.815625 0.06640625 0.12604166666666666
3 0.45 0.19375 0.06953125 0.14583333333333334
3 0.3609375 0.66875 0.0640625 0.10833333333333334
0 0.56953125 0.58125 0.08359375 0.13541666666666666
0 0.58125 0.4041666666666667 0.09296875 0.140625
0 0.5765625 0.21979166666666666 0.1109375 0.178125
0 0.4390625 0.5989583333333334 0.075 0.14583333333333334
0 0.43984375 0.37916666666666665 0.08203125 0.14583333333333334
0 0.45625 0.035416666666666666 0.0765625 0.06145833333333333
0 0.22890625 0.5052083333333334 0.0859375 0.115625
0 0.02578125 0.5979166666666667 0.04609375 0.09895833333333333