0 0.07421875 0.89375 0.1015625 0.19270833333333334
0 0.4625 0.89375 0.121875 0.2125
0 0.80234375 0.7989583333333333 0.134375 0.190625
0 0.74609375 0.5822916666666667 0.08046875 0.1625
0 0.93828125 0.45416666666666666 0.1234375 0.178125
0 0.840625 0.19479166666666667 0.109375 0.17291666666666666
0 0.60703125 0.346875 0.10546875 0.15520833333333334
0 0.41328125 0.5791666666666667 0.115625 0.15104166666666666
3 0.5578125 0.8510416666666667 0.0765625 0.209375
1 0.16015625 0.88125 0.059375 0.23229166666666667
3 0.1953125 0.6270833333333333 0.09609375 0.17291666666666666
2 0.4359375 0.20104166666666667 0.046875 0.08645833333333333
0 0.09375 0.3927083333333333 0.065625 0.09895833333333333