1 0.88828125 0.42083333333333334 0.05703125 0.18541666666666667
1 0.9640625 0.590625 0.071875 0.08125
3 0.87734375 0.7885416666666667 0.04609375 0.08125
3 0.609375 0.27395833333333336 0.0875 0.12395833333333334
3 0.159375 0.39375 0.075 0.10625
0 0.75234375 0.8208333333333333 0.10390625 0.19479166666666667
0 0.75546875 0.19375 0.03359375 0.07604166666666666
0 0.68203125 0.040625 0.0359375 0.06666666666666667
0 0.928125 0.30104166666666665 0.053125 0.07395833333333333
0 0.671875 0.18645833333333334 0.071875 0.13541666666666666
0 0.334375 0.309375 0.071875 0.15104166666666666
0 0.390625 0.06041666666666667 0.0625 0.09583333333333334