0 0.0328125 0.5197916666666667 0.0625 0.13541666666666666
3 0.95390625 0.6395833333333333 0.09140625 0.13854166666666667
1 0.6203125 0.6125 0.1375 0.1875
3 0.94140625 0.30416666666666664 0.1140625 0.17291666666666666
3 0.878125 0.2 0.09453125 0.128125
3 0.75078125 0.7552083333333334 0.0984375 0.14791666666666667
3 0.61171875 0.90625 0.12890625 0.1875
3 0.4640625 0.4395833333333333 0.1 0.20729166666666668
3 0.709375 0.3260416666666667 0.09453125 0.12395833333333334
3 0.671875 0.20416666666666666 0.10546875 0.16041666666666668
0 0.96015625 0.4510416666666667 0.07890625 0.225
0 0.4453125 0.821875 0.090625 0.178125
0 0.346875 0.4010416666666667 0.065625 0.140625
0 0.2703125 0.5447916666666667 0.09609375 0.13541666666666666
0 0.23359375 0.3614583333333333 0.08359375 0.13125
0 0.13203125 0.3416666666666667 0.078125 0.11145833333333334
0 0.546875 0.384375 0.05703125 0.10625
0 0.38046875 0.19166666666666668 0.09140625 0.18020833333333333
0 0.26875 0.19895833333333332 0.090625 0.15104166666666666
0 0.10390625 0.17604166666666668 0.1 0.13125