1 0.91953125 0.5614583333333333 0.1609375 0.18020833333333333
3 0.34375 0.634375 0.06796875 0.10833333333333334
1 0.13515625 0.621875 0.24609375 0.26666666666666666
3 0.803125 0.8291666666666667 0.115625 0.221875
3 0.571875 0.5260416666666666 0.1515625 0.2375
0 0.5140625 0.896875 0.1 0.20625
0 0.97265625 0.39166666666666666 0.05390625 0.19479166666666667
0 0.6984375 0.7395833333333334 0.10546875 0.18541666666666667
0 0.78515625 0.521875 0.1234375 0.18541666666666667
0 0.8171875 0.25729166666666664 0.1234375 0.20729166666666668
0 0.42421875 0.19895833333333332 0.115625 0.2
0 0.2546875 0.33541666666666664 0.09296875 0.128125
0 0.0953125 0.4864583333333333 0.14296875 0.20729166666666668