1 0.415625 0.7854166666666667 0.03203125 0.11875
3 0.80390625 0.11354166666666667 0.04140625 0.034375
3 0.884375 0.10208333333333333 0.040625 0.041666666666666664
3 0.45546875 0.6916666666666667 0.03359375 0.06458333333333334
3 0.32890625 0.846875 0.0609375 0.11875
0 0.94140625 0.040625 0.04453125 0.041666666666666664
0 0.66640625 0.390625 0.03359375 0.06875
0 0.6828125 0.31979166666666664 0.0375 0.046875
0 0.63046875 0.290625 0.025 0.0375
0 0.4984375 0.49895833333333334 0.03046875 0.084375
0 0.35625 0.9604166666666667 0.07890625 0.07916666666666666
0 0.415625 0.8822916666666667 0.04296875 0.09166666666666666
0 0.21171875 0.2 0.10703125 0.16770833333333332