0 0.03984375 0.8572916666666667 0.065625 0.13854166666666667
0 0.05 0.5864583333333333 0.09140625 0.140625
0 0.03359375 0.4354166666666667 0.05859375 0.15520833333333334
3 0.1296875 0.7135416666666666 0.10390625 0.19270833333333334
3 0.28984375 0.10208333333333333 0.0625 0.09583333333333334
3 0.28828125 0.2677083333333333 0.0765625 0.12083333333333333
3 0.1390625 0.3958333333333333 0.0640625 0.140625
3 0.60234375 0.8958333333333334 0.0875 0.11875
2 0.51796875 0.5 0.04140625 0.07604166666666666
2 0.48515625 0.578125 0.0375 0.08854166666666667
1 0.61796875 0.746875 0.13046875 0.175