0 0.3890625 0.30416666666666664 0.0640625 0.11354166666666667
1 0.74140625 0.7614583333333333 0.146875 0.17083333333333334
1 0.60546875 0.6260416666666667 0.0609375 0.21979166666666666
3 0.81875 0.046875 0.1125 0.08854166666666667
3 0.5453125 0.32708333333333334 0.1265625 0.20520833333333333
0 0.85546875 0.671875 0.1 0.1625
0 0.6609375 0.41770833333333335 0.09453125 0.15833333333333333
0 0.94140625 0.3385416666666667 0.11640625 0.21770833333333334
0 0.76328125 0.09791666666666667 0.0515625 0.11145833333333334
0 0.71171875 0.23958333333333334 0.0734375 0.128125
0 0.63515625 0.09479166666666666 0.09296875 0.16041666666666668
0 0.4 0.9322916666666666 0.0859375 0.13541666666666666
0 0.415625 0.7760416666666666 0.10859375 0.175