0 0.66953125 0.6552083333333333 0.1109375 0.20520833333333333
0 0.5046875 0.20208333333333334 0.06796875 0.11875
0 0.25859375 0.35104166666666664 0.0859375 0.11354166666666667
0 0.45546875 0.5260416666666666 0.075 0.09895833333333333
0 0.3734375 0.6145833333333334 0.08359375 0.14270833333333333
0 0.48828125 0.7875 0.08203125 0.1625
0 0.3875 0.9083333333333333 0.09453125 0.16770833333333332
0 0.2453125 0.95 0.075 0.1
0 0.778125 0.8333333333333334 0.10703125 0.175
0 0.84765625 0.5375 0.1015625 0.15520833333333334
3 0.4015625 0.10625 0.0640625 0.153125
3 0.71328125 0.3645833333333333 0.09296875 0.2
3 0.696875 0.078125 0.06796875 0.13541666666666666
3 0.87890625 0.20104166666666667 0.153125 0.18541666666666667
3 0.9046875 0.08645833333333333 0.1234375 0.13333333333333333
3 0.8078125 0.057291666666666664 0.1265625 0.10833333333333334
3 0.7390625 0.5083333333333333 0.09140625 0.10833333333333334
3 0.790625 0.4114583333333333 0.09296875 0.12604166666666666
1 0.40859375 0.41458333333333336 0.04453125 0.178125
3 0.56640625 0.8197916666666667 0.06640625 0.14791666666666667
3 0.5453125 0.678125 0.059375 0.10625