0 0.22578125 0.4875 0.0765625 0.12083333333333333
0 0.37421875 0.625 0.084375 0.14791666666666667
0 0.4984375 0.8239583333333333 0.08046875 0.165625
0 0.17109375 0.7260416666666667 0.06953125 0.11875
0 0.046875 0.8125 0.0890625 0.17291666666666666
0 0.0828125 0.9552083333333333 0.1015625 0.08854166666666667
0 0.2453125 0.8677083333333333 0.090625 0.17083333333333334
0 0.209375 0.22083333333333333 0.071875 0.13125
0 0.303125 0.153125 0.0640625 0.10416666666666667
0 0.209375 0.084375 0.06796875 0.10416666666666667
0 0.30390625 0.0375 0.053125 0.06458333333333334
0 0.446875 0.05520833333333333 0.0515625 0.10104166666666667
3 0.16875 0.334375 0.06796875 0.115625
3 0.28203125 0.33125 0.05859375 0.07916666666666666
3 0.471875 0.38229166666666664 0.04609375 0.084375
3 0.39921875 0.06875 0.04296875 0.06875
3 0.28515625 0.61875 0.06796875 0.12083333333333333
1 0.65625 0.6739583333333333 0.15390625 0.19270833333333334
2 0.46875 0.6864583333333333 0.02890625 0.059375