3 0.53984375 0.5604166666666667 0.0875 0.13333333333333333
0 0.859375 0.509375 0.10390625 0.15520833333333334
0 0.7703125 0.5177083333333333 0.08203125 0.15520833333333334
0 0.809375 0.36770833333333336 0.06640625 0.12395833333333334
0 0.734375 0.3385416666666667 0.06640625 0.09895833333333333
0 0.65625 0.3875 0.0765625 0.11875
0 0.60546875 0.478125 0.0890625 0.16041666666666668
0 0.61015625 0.7510416666666667 0.07109375 0.14791666666666667
0 0.53984375 0.8520833333333333 0.09609375 0.14270833333333333
0 0.184375 0.8375 0.09140625 0.13333333333333333
0 0.3890625 0.9395833333333333 0.0890625 0.12083333333333333
0 0.39453125 0.7729166666666667 0.0890625 0.13333333333333333
0 0.48125 0.6385416666666667 0.0875 0.12083333333333333
0 0.49140625 0.42916666666666664 0.075 0.12395833333333334
0 0.65546875 0.259375 0.05546875 0.11354166666666667
0 0.53671875 0.3020833333333333 0.07109375 0.10104166666666667
0 0.4390625 0.25729166666666664 0.0640625 0.11354166666666667
0 0.909375 0.19583333333333333 0.04609375 0.10104166666666667
0 0.72265625 0.13333333333333333 0.04609375 0.07395833333333333
0 0.61171875 0.07083333333333333 0.05390625 0.10104166666666667
0 0.46015625 0.10416666666666667 0.0515625 0.10416666666666667
0 0.3640625 0.153125 0.06953125 0.10416666666666667