3 0.95546875 0.8958333333333334 0.0890625 0.20729166666666668
1 0.534375 0.5208333333333334 0.209375 0.1875
0 0.40546875 0.8989583333333333 0.10546875 0.153125
0 0.3703125 0.6385416666666667 0.07890625 0.15520833333333334
0 0.48203125 0.2375 0.071875 0.11875
0 0.5578125 0.3489583333333333 0.10390625 0.15104166666666666
0 0.70234375 0.36666666666666664 0.1234375 0.190625
0 0.9078125 0.3489583333333333 0.1125 0.190625
0 0.94453125 0.10208333333333333 0.1109375 0.14583333333333334
0 0.7953125 0.18854166666666666 0.1125 0.18020833333333333
0 0.65859375 0.175 0.09140625 0.13333333333333333
0 0.515625 0.09895833333333333 0.06640625 0.11354166666666667