2 0.10234375 0.8458333333333333 0.0234375 0.03229166666666667
2 0.1484375 0.9614583333333333 0.03046875 0.071875
1 0.653125 0.6479166666666667 0.0640625 0.09583333333333334
1 0.584375 0.6447916666666667 0.06640625 0.14791666666666667
1 0.96015625 0.36875 0.07890625 0.08645833333333333
1 0.940625 0.678125 0.11796875 0.2
1 0.34921875 0.1125 0.07109375 0.10625
3 0.525 0.3927083333333333 0.0390625 0.059375
0 0.321875 0.6552083333333333 0.05546875 0.071875
3 0.278125 0.7260416666666667 0.04453125 0.05416666666666667
3 0.71953125 0.4739583333333333 0.046875 0.06458333333333334
3 0.696875 0.884375 0.084375 0.07916666666666666
3 0.5578125 0.665625 0.065625 0.10625
3 0.46328125 0.5479166666666667 0.065625 0.06875
3 0.265625 0.821875 0.0640625 0.11875
3 0.053125 0.565625 0.0625 0.10416666666666667
0 0.790625 0.421875 0.03359375 0.08854166666666667
0 0.2 0.8604166666666667 0.06953125 0.14583333333333334
0 0.67578125 0.771875 0.07890625 0.13125
0 0.821875 0.07395833333333333 0.04609375 0.059375
0 0.771875 0.15833333333333333 0.028125 0.05416666666666667
0 0.89453125 0.24583333333333332 0.053125 0.071875
0 0.75 0.284375 0.028125 0.07395833333333333
0 0.44921875 0.065625 0.04296875 0.071875
0 0.13515625 0.22604166666666667 0.02890625 0.046875