1 0.7796875 0.5510416666666667 0.10703125 0.128125
1 0.31015625 0.6 0.11796875 0.1625
1 0.13828125 0.6510416666666666 0.10703125 0.11145833333333334
3 0.7046875 0.321875 0.09296875 0.08125
3 0.7484375 0.234375 0.05 0.08854166666666667
3 0.67890625 0.2625 0.0640625 0.052083333333333336
3 0.71640625 0.41458333333333336 0.0640625 0.084375
3 0.5640625 0.33541666666666664 0.053125 0.09375
3 0.56484375 0.19895833333333332 0.0515625 0.08645833333333333
3 0.503125 0.23229166666666667 0.0515625 0.084375
3 0.428125 0.115625 0.053125 0.07395833333333333
3 0.37109375 0.20833333333333334 0.046875 0.08645833333333333
3 0.48984375 0.5541666666666667 0.05390625 0.09166666666666666
3 0.353125 0.9541666666666667 0.0625 0.09166666666666666
3 0.33046875 0.76875 0.0890625 0.15104166666666666
3 0.26171875 0.4270833333333333 0.06796875 0.11875
3 0.3375 0.359375 0.05546875 0.09583333333333334
3 0.24921875 0.32916666666666666 0.0625 0.07604166666666666