2 0.5625 0.7989583333333333 0.09140625 0.140625
0 0.540625 0.14583333333333334 0.05703125 0.09375
0 0.7421875 0.15833333333333333 0.06796875 0.09895833333333333
0 0.8515625 0.18541666666666667 0.0640625 0.11875
0 0.8265625 0.3072916666666667 0.08359375 0.13541666666666666
0 0.93828125 0.35833333333333334 0.084375 0.13333333333333333
0 0.9828125 0.5072916666666667 0.034375 0.13125
0 0.7515625 0.653125 0.06953125 0.10625
0 0.6 0.47291666666666665 0.08359375 0.14583333333333334
0 0.48125 0.49166666666666664 0.0984375 0.13854166666666667
0 0.3609375 0.44479166666666664 0.06953125 0.10416666666666667
0 0.27109375 0.40520833333333334 0.078125 0.12395833333333334
0 0.03828125 0.46458333333333335 0.0734375 0.153125
3 0.1265625 0.228125 0.08046875 0.12083333333333333
3 0.38359375 0.06145833333333333 0.05546875 0.09375
3 0.51171875 0.046875 0.0484375 0.07916666666666666