0 0.709375 0.315625 0.065625 0.10833333333333334
3 0.346875 0.28229166666666666 0.0984375 0.13125
0 0.453125 0.4270833333333333 0.0625 0.10833333333333334
3 0.63359375 0.6572916666666667 0.09453125 0.128125
3 0.89921875 0.8291666666666667 0.1265625 0.128125
3 0.8796875 0.6458333333333334 0.07109375 0.10104166666666667
1 0.68515625 0.571875 0.0984375 0.071875
1 0.78359375 0.375 0.09453125 0.09895833333333333
1 0.6265625 0.8010416666666667 0.121875 0.15104166666666666
1 0.59921875 0.8447916666666667 0.1484375 0.14791666666666667
1 0.58359375 0.940625 0.09140625 0.10833333333333334