3 0.4890625 0.39791666666666664 0.0390625 0.06458333333333334
3 0.096875 0.534375 0.09140625 0.12083333333333333
3 0.1453125 0.884375 0.109375 0.14791666666666667
3 0.3828125 0.9125 0.10390625 0.165625
1 0.45 0.5197916666666667 0.04140625 0.17083333333333334
1 0.58515625 0.7416666666666667 0.090625 0.13125
1 0.77109375 0.30833333333333335 0.10546875 0.084375
0 0.5515625 0.6041666666666666 0.071875 0.11145833333333334
0 0.54609375 0.5052083333333334 0.046875 0.06666666666666667
0 0.58671875 0.4375 0.0484375 0.084375
0 0.64375 0.284375 0.05703125 0.09375
0 0.646875 0.45416666666666666 0.0609375 0.09375
0 0.66171875 0.5729166666666666 0.0765625 0.10833333333333334
0 0.6375 0.7041666666666667 0.071875 0.13333333333333333
0 0.6484375 0.9354166666666667 0.08359375 0.128125
0 0.490625 0.471875 0.05546875 0.09895833333333333
0 0.42578125 0.725 0.0625 0.11145833333333334
0 0.33046875 0.7708333333333334 0.075 0.13854166666666667
0 0.1609375 0.6822916666666666 0.09140625 0.14583333333333334
0 0.384375 0.4666666666666667 0.0640625 0.10833333333333334
0 0.37578125 0.2947916666666667 0.0484375 0.052083333333333336
0 0.36171875 0.3541666666666667 0.05703125 0.07604166666666666
0 0.15625 0.41458333333333336 0.06796875 0.128125