0 0.078125 0.5739583333333333 0.04453125 0.06145833333333333
3 0.46484375 0.6395833333333333 0.034375 0.04479166666666667
0 0.975 0.8114583333333333 0.05 0.10625
0 0.8015625 0.6989583333333333 0.046875 0.06458333333333334
0 0.903125 0.3020833333333333 0.04296875 0.06145833333333333
0 0.7078125 0.2125 0.02109375 0.04895833333333333
0 0.5484375 0.19479166666666667 0.01953125 0.03958333333333333
0 0.43125 0.2 0.02109375 0.029166666666666667
0 0.1046875 0.5177083333333333 0.034375 0.046875
0 0.3578125 0.32708333333333334 0.02890625 0.06145833333333333
0 0.365625 0.44895833333333335 0.03359375 0.06875
0 0.5140625 0.6020833333333333 0.03359375 0.059375