1 0.75 0.7572916666666667 0.10546875 0.13125
3 0.30859375 0.30833333333333335 0.0890625 0.10833333333333334
3 0.66015625 0.2625 0.05703125 0.071875
3 0.753125 0.278125 0.075 0.11145833333333334
3 0.66015625 0.771875 0.07890625 0.14583333333333334
3 0.72578125 0.59375 0.07890625 0.13541666666666666
0 0.603125 0.6010416666666667 0.05703125 0.11145833333333334
0 0.68125 0.16458333333333333 0.0484375 0.071875
0 0.63984375 0.165625 0.0484375 0.084375
0 0.4359375 0.041666666666666664 0.04140625 0.06875
0 0.434375 0.2989583333333333 0.05859375 0.09375
0 0.20703125 0.31979166666666664 0.071875 0.09583333333333334