0 0.69375 0.2947916666666667 0.0375 0.071875
0 0.646875 0.24166666666666667 0.034375 0.05416666666666667
0 0.128125 0.7541666666666667 0.075 0.10104166666666667
0 0.16640625 0.6385416666666667 0.05 0.06666666666666667
0 0.4234375 0.9260416666666667 0.05859375 0.084375
0 0.65 0.9135416666666667 0.06953125 0.09895833333333333
0 0.909375 0.7791666666666667 0.053125 0.08645833333333333
0 0.815625 0.6375 0.0515625 0.06875
0 0.89296875 0.4552083333333333 0.046875 0.071875
0 0.76640625 0.19270833333333334 0.028125 0.06458333333333334
0 0.95625 0.23958333333333334 0.03203125 0.06458333333333334
0 0.4484375 0.24895833333333334 0.03046875 0.04479166666666667
0 0.50546875 0.32395833333333335 0.021875 0.034375
3 0.48515625 0.7625 0.04296875 0.07916666666666666
3 0.93359375 0.671875 0.05546875 0.084375
3 0.884375 0.7041666666666667 0.0375 0.059375