3 0.8421875 0.08125 0.10703125 0.15833333333333333
3 0.73203125 0.0875 0.10546875 0.13541666666666666
3 0.665625 0.21770833333333334 0.1109375 0.1875
3 0.59765625 0.41354166666666664 0.134375 0.26875
1 0.95703125 0.21979166666666666 0.0859375 0.315625
1 0.71171875 0.8458333333333333 0.134375 0.27395833333333336
1 0.56015625 0.775 0.1765625 0.18229166666666666
1 0.334375 0.41875 0.07109375 0.25416666666666665
0 0.2515625 0.9572916666666667 0.10625 0.08541666666666667
0 0.39765625 0.9104166666666667 0.1171875 0.17916666666666667
0 0.5359375 0.9322916666666666 0.09140625 0.13541666666666666
0 0.65546875 0.6927083333333334 0.13046875 0.17083333333333334
0 0.8828125 0.609375 0.12890625 0.20729166666666668
0 0.7046875 0.5072916666666667 0.09609375 0.16041666666666668
0 0.4765625 0.34270833333333334 0.10546875 0.18229166666666666
0 0.4921875 0.6 0.084375 0.14791666666666667
0 0.29453125 0.6604166666666667 0.153125 0.225
0 0.2203125 0.49270833333333336 0.115625 0.17083333333333334
0 0.08203125 0.6760416666666667 0.128125 0.221875