0 0.08203125 0.2947916666666667 0.08359375 0.09583333333333334
0 0.4671875 0.5427083333333333 0.0875 0.14270833333333333
0 0.42734375 0.29270833333333335 0.04609375 0.057291666666666664
0 0.4765625 0.35208333333333336 0.0640625 0.10625
0 0.5921875 0.6666666666666666 0.09296875 0.1625
0 0.46015625 0.9208333333333333 0.109375 0.15833333333333333
0 0.66640625 0.5520833333333334 0.09140625 0.140625
0 0.690625 0.7739583333333333 0.0875 0.08125
0 0.53984375 0.14166666666666666 0.05390625 0.07604166666666666
0 0.546875 0.21979166666666666 0.06640625 0.09375
0 0.6078125 0.16458333333333333 0.0515625 0.08125
0 0.634375 0.2760416666666667 0.0734375 0.08854166666666667
0 0.65078125 0.3927083333333333 0.0875 0.153125
1 0.3140625 0.4822916666666667 0.08359375 0.21458333333333332