0 0.15703125 0.31145833333333334 0.0609375 0.10416666666666667
0 0.40859375 0.23125 0.08046875 0.140625
0 0.41328125 0.04791666666666667 0.06796875 0.09166666666666666
0 0.48671875 0.43854166666666666 0.06796875 0.15520833333333334
0 0.30703125 0.6625 0.1140625 0.209375
0 0.38125 0.8239583333333333 0.1015625 0.16041666666666668
0 0.40078125 0.6520833333333333 0.07109375 0.09895833333333333
3 0.753125 0.1875 0.1109375 0.17291666666666666
3 0.64609375 0.440625 0.078125 0.12083333333333333
3 0.6515625 0.6177083333333333 0.09453125 0.153125
3 0.58125 0.7572916666666667 0.10703125 0.15104166666666666
1 0.55859375 0.528125 0.0609375 0.1875
1 0.76328125 0.5802083333333333 0.07890625 0.24166666666666667