0 0.13671875 0.21979166666666666 0.065625 0.11354166666666667
0 0.47734375 0.36875 0.040625 0.071875
0 0.6328125 0.490625 0.0515625 0.10104166666666667
0 0.65703125 0.7520833333333333 0.078125 0.11145833333333334
0 0.27890625 0.5135416666666667 0.03359375 0.04895833333333333
0 0.58203125 0.24479166666666666 0.0390625 0.10416666666666667
3 0.4828125 0.6052083333333333 0.0484375 0.09375
3 0.4578125 0.7020833333333333 0.0375 0.06666666666666667
1 0.43515625 0.8322916666666667 0.07890625 0.14270833333333333
1 0.56484375 0.8708333333333333 0.10390625 0.071875
0 0.8140625 0.515625 0.04453125 0.06458333333333334