1 0.5953125 0.19166666666666668 0.07109375 0.17083333333333334
1 0.903125 0.46458333333333335 0.10859375 0.12395833333333334
0 0.496875 0.1875 0.07890625 0.14270833333333333
0 0.76953125 0.26145833333333335 0.053125 0.10416666666666667
0 0.78515625 0.10416666666666667 0.0515625 0.08854166666666667
0 0.70078125 0.7520833333333333 0.06796875 0.12083333333333333
0 0.3703125 0.4864583333333333 0.065625 0.12395833333333334
0 0.0375 0.49270833333333336 0.05 0.08125
0 0.028125 0.3072916666666667 0.04609375 0.08645833333333333
0 0.1171875 0.041666666666666664 0.05703125 0.07916666666666666
0 0.034375 0.20104166666666667 0.04609375 0.06666666666666667
3 0.08984375 0.49895833333333334 0.03203125 0.07395833333333333
3 0.70625 0.37916666666666665 0.04609375 0.07604166666666666
3 0.709375 0.1875 0.034375 0.06458333333333334
3 0.64296875 0.06041666666666667 0.05546875 0.08645833333333333
3 0.8484375 0.20208333333333334 0.0390625 0.07395833333333333