0 0.8359375 0.05416666666666667 0.103125 0.09895833333333333
0 0.7984375 0.15104166666666666 0.06953125 0.10416666666666667
0 0.91015625 0.15416666666666667 0.13203125 0.16041666666666668
0 0.953125 0.365625 0.09296875 0.15833333333333333
0 0.746875 0.37395833333333334 0.1359375 0.209375
0 0.67109375 0.49583333333333335 0.1109375 0.178125
0 0.65859375 0.9 0.11640625 0.2
0 0.91640625 0.9322916666666666 0.1390625 0.13541666666666666
0 0.415625 0.29270833333333335 0.078125 0.12604166666666666
0 0.45625 0.771875 0.07109375 0.12604166666666666
1 0.55625 0.7145833333333333 0.11796875 0.20520833333333333
0 0.15390625 0.7864583333333334 0.075 0.13125
0 0.23984375 0.8489583333333334 0.05703125 0.10416666666666667