3 0.3046875 0.6322916666666667 0.0625 0.084375
3 0.51328125 0.5677083333333334 0.1015625 0.14270833333333333
3 0.196875 0.815625 0.14296875 0.24479166666666666
3 0.090625 0.4666666666666667 0.103125 0.128125
3 0.15 0.33125 0.09453125 0.09375
0 0.72890625 0.871875 0.096875 0.15833333333333333
0 0.24921875 0.5354166666666667 0.1015625 0.14791666666666667
0 0.7890625 0.41458333333333336 0.0640625 0.10833333333333334
0 0.5984375 0.4791666666666667 0.06640625 0.12395833333333334
0 0.53828125 0.33125 0.0625 0.12395833333333334
0 0.3890625 0.1375 0.0640625 0.115625
0 0.20703125 0.14895833333333333 0.071875 0.09583333333333334