0 0.17890625 0.15729166666666666 0.09140625 0.15104166666666666
0 0.2953125 0.25833333333333336 0.09296875 0.15520833333333334
0 0.346875 0.4739583333333333 0.1125 0.17291666666666666
0 0.41328125 0.7354166666666667 0.10703125 0.19791666666666666
0 0.53203125 0.7614583333333333 0.075 0.13125
1 0.228125 0.7822916666666667 0.115625 0.10416666666666667
3 0.4171875 0.3125 0.09296875 0.13541666666666666
3 0.74140625 0.6239583333333333 0.1140625 0.13125
3 0.8296875 0.22708333333333333 0.09296875 0.14270833333333333
3 0.95703125 0.5885416666666666 0.08046875 0.12083333333333333
3 0.621875 0.728125 0.0875 0.11875
1 0.7296875 0.7864583333333334 0.15390625 0.175
1 0.484375 0.5072916666666667 0.09296875 0.2791666666666667
2 0.74453125 0.2625 0.1109375 0.209375