0 0.0671875 0.30104166666666665 0.10703125 0.13854166666666667
0 0.209375 0.13333333333333333 0.0640625 0.09895833333333333
0 0.3046875 0.057291666666666664 0.05390625 0.08854166666666667
0 0.20078125 0.046875 0.0515625 0.08854166666666667
0 0.359375 0.10520833333333333 0.05546875 0.10625
0 0.27734375 0.2708333333333333 0.059375 0.10625
0 0.36015625 0.20729166666666668 0.065625 0.08854166666666667
0 0.39140625 0.3385416666666667 0.09140625 0.13333333333333333
0 0.23046875 0.40729166666666666 0.10546875 0.15833333333333333
0 0.0296875 0.6510416666666666 0.05390625 0.175
0 0.10078125 0.6625 0.05703125 0.11145833333333334
3 0.18984375 0.278125 0.05390625 0.08645833333333333
3 0.43515625 0.07604166666666666 0.0765625 0.08854166666666667
3 0.475 0.23541666666666666 0.1 0.14583333333333334
3 0.5546875 0.19479166666666667 0.059375 0.10833333333333334
3 0.546875 0.315625 0.0890625 0.128125
3 0.68828125 0.45208333333333334 0.10390625 0.13854166666666667
3 0.75703125 0.7645833333333333 0.121875 0.14583333333333334
3 0.88515625 0.240625 0.134375 0.14583333333333334
3 0.890625 0.453125 0.12109375 0.12604166666666666
2 0.50078125 0.4197916666666667 0.0234375 0.029166666666666667
2 0.66171875 0.3614583333333333 0.02109375 0.027083333333333334
2 0.940625 0.6041666666666666 0.11796875 0.18020833333333333
3 0.23828125 0.5802083333333333 0.059375 0.10833333333333334
1 0.075 0.49895833333333334 0.06640625 0.12395833333333334