2 0.7921875 0.7645833333333333 0.10703125 0.209375
0 0.03671875 0.12916666666666668 0.0625 0.10104166666666667
0 0.08515625 0.2677083333333333 0.09296875 0.10625
0 0.20703125 0.125 0.06640625 0.09583333333333334
0 0.340625 0.09375 0.05703125 0.08854166666666667
0 0.34609375 0.16770833333333332 0.053125 0.084375
0 0.28046875 0.22708333333333333 0.06640625 0.09895833333333333
0 0.23203125 0.3489583333333333 0.071875 0.115625
0 0.4515625 0.45729166666666665 0.06640625 0.11354166666666667
0 0.3328125 0.4322916666666667 0.08203125 0.11875
0 0.37421875 0.28854166666666664 0.08203125 0.11354166666666667
0 0.303125 0.34479166666666666 0.08203125 0.13541666666666666
0 0.4125 0.3802083333333333 0.05 0.04895833333333333
0 0.18359375 0.8145833333333333 0.125 0.18229166666666666
0 0.15625 0.5239583333333333 0.06796875 0.08854166666666667
0 0.053125 0.5322916666666667 0.09453125 0.15104166666666666
0 0.03046875 0.7739583333333333 0.053125 0.115625
0 0.04140625 0.890625 0.08046875 0.15104166666666666
0 0.284375 0.05416666666666667 0.0375 0.06875
3 0.44453125 0.18645833333333334 0.08359375 0.12083333333333333
3 0.5109375 0.2375 0.0640625 0.11354166666666667
3 0.6328125 0.3385416666666667 0.07109375 0.128125
3 0.78984375 0.32395833333333335 0.07890625 0.10833333333333334
3 0.6921875 0.59375 0.1015625 0.18541666666666667
3 0.78828125 0.15729166666666666 0.109375 0.13541666666666666
1 0.684375 0.80625 0.071875 0.234375
2 0.8265625 0.43125 0.0859375 0.13125
0 0.54296875 0.9135416666666667 0.10859375 0.17291666666666666
2 0.471875 0.3333333333333333 0.02109375 0.034375