3 0.59765625 0.9291666666666667 0.07890625 0.11145833333333334
1 0.546875 0.921875 0.0734375 0.140625
1 0.42578125 0.8510416666666667 0.08203125 0.11145833333333334
0 0.359375 0.35208333333333336 0.04296875 0.06666666666666667
0 0.3796875 0.6125 0.0484375 0.13333333333333333
0 0.534375 0.5927083333333333 0.040625 0.06875
0 0.39609375 0.271875 0.021875 0.04479166666666667
0 0.5046875 0.44166666666666665 0.0234375 0.059375
0 0.51875 0.4010416666666667 0.0234375 0.052083333333333336
1 0.134375 0.9145833333333333 0.07890625 0.17083333333333334
1 0.31015625 0.8239583333333333 0.0515625 0.14583333333333334