1 0.3015625 0.865625 0.078125 0.10625
1 0.40234375 0.8385416666666666 0.04296875 0.19479166666666667
3 0.44765625 0.5583333333333333 0.04609375 0.05416666666666667
3 0.35625 0.775 0.040625 0.06458333333333334
3 0.371875 0.6979166666666666 0.04296875 0.06145833333333333
0 0.046875 0.7802083333333333 0.09140625 0.178125
0 0.29296875 0.7197916666666667 0.0609375 0.12083333333333333
0 0.1875 0.6333333333333333 0.078125 0.11145833333333334
0 0.3203125 0.5270833333333333 0.0375 0.06145833333333333
0 0.35859375 0.42083333333333334 0.04140625 0.057291666666666664
0 0.10625 0.5135416666666667 0.059375 0.06458333333333334
0 0.1265625 0.44583333333333336 0.0640625 0.06145833333333333