1 0.89921875 0.5208333333333334 0.05390625 0.2125
0 0.94296875 0.17395833333333333 0.1 0.20520833333333333
0 0.271875 0.7052083333333333 0.109375 0.234375
0 0.37890625 0.8385416666666666 0.10859375 0.14583333333333334
0 0.68359375 0.678125 0.0859375 0.15520833333333334
3 0.384375 0.13333333333333333 0.109375 0.22708333333333333
3 0.55078125 0.23333333333333334 0.1234375 0.234375
3 0.846875 0.43125 0.06640625 0.15520833333333334
3 0.534375 0.46145833333333336 0.084375 0.15833333333333333
3 0.19921875 0.3375 0.134375 0.30833333333333335
1 0.25390625 0.23229166666666667 0.15 0.36041666666666666
3 0.58203125 0.6083333333333333 0.096875 0.22916666666666666