3 0.88515625 0.6270833333333333 0.09296875 0.10833333333333334
0 0.1328125 0.359375 0.07109375 0.10625
0 0.51796875 0.18229166666666666 0.046875 0.06458333333333334
0 0.034375 0.728125 0.0640625 0.08854166666666667
0 0.13046875 0.95625 0.0828125 0.0875
0 0.82109375 0.9395833333333333 0.14140625 0.12083333333333333
0 0.7921875 0.6135416666666667 0.07890625 0.115625
0 0.94921875 0.3 0.05390625 0.08125
0 0.88203125 0.28229166666666666 0.071875 0.07604166666666666
0 0.91171875 0.3927083333333333 0.07890625 0.084375
0 0.7765625 0.3875 0.0609375 0.08854166666666667
0 0.6625 0.4354166666666667 0.053125 0.06145833333333333
0 0.6609375 0.5020833333333333 0.0390625 0.06145833333333333
0 0.57734375 0.4864583333333333 0.0515625 0.06458333333333334
0 0.56328125 0.625 0.09296875 0.11875
0 0.428125 0.7979166666666667 0.084375 0.11354166666666667
0 0.2484375 0.7479166666666667 0.08046875 0.08854166666666667