0 0.31328125 0.24895833333333334 0.134375 0.18229166666666666
0 0.078125 0.26875 0.115625 0.1875
0 0.5984375 0.09479166666666666 0.08046875 0.13541666666666666
0 0.728125 0.5427083333333333 0.11953125 0.22708333333333333
0 0.87890625 0.8625 0.10859375 0.175
0 0.48828125 0.7583333333333333 0.1125 0.16770833333333332
2 0.5390625 0.3072916666666667 0.053125 0.08645833333333333
3 0.25390625 0.721875 0.10546875 0.165625
3 0.0953125 0.734375 0.0734375 0.13125
3 0.146875 0.846875 0.07890625 0.14791666666666667
3 0.8875 0.434375 0.103125 0.20208333333333334
2 0.725 0.21145833333333333 0.053125 0.08125