0 0.0953125 0.08854166666666667 0.09609375 0.153125
0 0.121875 0.28854166666666664 0.09609375 0.15833333333333333
0 0.1140625 0.484375 0.0859375 0.153125
0 0.54296875 0.175 0.08046875 0.14791666666666667
0 0.62265625 0.041666666666666664 0.0875 0.07916666666666666
0 0.69296875 0.121875 0.0859375 0.15520833333333334
0 0.659375 0.3802083333333333 0.0875 0.1625
0 0.51328125 0.39791666666666664 0.10390625 0.153125
0 0.94921875 0.47291666666666665 0.1015625 0.18020833333333333
0 0.48359375 0.8666666666666667 0.10546875 0.18229166666666666
0 0.16953125 0.8989583333333333 0.078125 0.128125
3 0.2171875 0.7 0.05703125 0.10104166666666667
3 0.58203125 0.6604166666666667 0.06953125 0.115625
3 0.83515625 0.321875 0.0734375 0.13125
3 0.7546875 0.32916666666666666 0.0984375 0.18020833333333333
3 0.45 0.2552083333333333 0.08046875 0.11145833333333334