3 0.63125 0.13229166666666667 0.09296875 0.13125
3 0.565625 0.07395833333333333 0.06953125 0.12395833333333334
1 0.53203125 0.7208333333333333 0.2 0.246875
2 0.07890625 0.20729166666666668 0.06953125 0.10416666666666667
0 0.93671875 0.04895833333333333 0.1265625 0.09375
0 0.71953125 0.03958333333333333 0.08046875 0.07395833333333333
0 0.4765625 0.17083333333333334 0.06953125 0.11354166666666667
0 0.359375 0.17604166666666668 0.06953125 0.11145833333333334
0 0.1578125 0.4 0.06796875 0.11875
0 0.18359375 0.26458333333333334 0.071875 0.10833333333333334
0 0.46953125 0.3333333333333333 0.0640625 0.10833333333333334
0 0.52890625 0.365625 0.06953125 0.13333333333333333
0 0.62734375 0.35104166666666664 0.084375 0.153125
0 0.9609375 0.5854166666666667 0.078125 0.24166666666666667
0 0.85390625 0.353125 0.1359375 0.221875
0 0.71171875 0.5177083333333333 0.0875 0.175
0 0.6859375 0.7645833333333333 0.08359375 0.175
0 0.43671875 0.6552083333333333 0.0734375 0.14583333333333334
0 0.2734375 0.7 0.075 0.13541666666666666