0 0.3015625 0.13958333333333334 0.06953125 0.13125
0 0.42265625 0.06145833333333333 0.0625 0.11354166666666667
0 0.5 0.052083333333333336 0.0609375 0.09375
0 0.38046875 0.253125 0.06953125 0.14583333333333334
0 0.34453125 0.40208333333333335 0.08359375 0.13854166666666667
0 0.4953125 0.5520833333333334 0.115625 0.18020833333333333
0 0.49296875 0.18229166666666666 0.06953125 0.13333333333333333
0 0.58671875 0.184375 0.0734375 0.13125
0 0.6921875 0.23333333333333334 0.07109375 0.12604166666666666
0 0.7046875 0.5583333333333333 0.09296875 0.20208333333333334
0 0.834375 0.7270833333333333 0.1109375 0.18541666666666667
3 0.7890625 0.46458333333333335 0.121875 0.19791666666666666
3 0.6015625 0.3958333333333333 0.08359375 0.10104166666666667
3 0.41640625 0.9354166666666667 0.1109375 0.128125
1 0.653125 0.7604166666666666 0.190625 0.1875
1 0.6859375 0.3375 0.121875 0.10625
1 0.5921875 0.28854166666666664 0.06796875 0.09895833333333333