3 0.30390625 0.6979166666666666 0.05859375 0.12083333333333333
3 0.4140625 0.39375 0.0859375 0.10104166666666667
3 0.5734375 0.25416666666666665 0.05 0.10833333333333334
3 0.7046875 0.2791666666666667 0.0625 0.08854166666666667
3 0.7390625 0.4114583333333333 0.05859375 0.08125
3 0.859375 0.2916666666666667 0.059375 0.07916666666666666
3 0.79765625 0.959375 0.07109375 0.08125
0 0.296875 0.440625 0.075 0.14583333333333334
1 0.63046875 0.7020833333333333 0.096875 0.115625
1 0.715625 0.5416666666666666 0.078125 0.18020833333333333
1 0.4703125 0.9052083333333333 0.065625 0.17083333333333334
1 0.55234375 0.8958333333333334 0.09609375 0.178125
2 0.29609375 0.7541666666666667 0.03046875 0.046875
2 0.603125 0.19270833333333334 0.02890625 0.07395833333333333