0 0.1609375 0.08125 0.06953125 0.07395833333333333
0 0.184375 0.13125 0.06953125 0.11875
0 0.184375 0.321875 0.109375 0.18020833333333333
0 0.21015625 0.6416666666666667 0.17890625 0.2520833333333333
0 0.45390625 0.5645833333333333 0.071875 0.12604166666666666
0 0.30859375 0.89375 0.08359375 0.2125
3 0.4359375 0.29583333333333334 0.08046875 0.12395833333333334
3 0.33125 0.36666666666666664 0.07109375 0.10104166666666667
3 0.34296875 0.5197916666666667 0.10859375 0.17083333333333334
3 0.2484375 0.053125 0.0609375 0.071875
3 0.41015625 0.728125 0.10703125 0.1875
3 0.44609375 0.44583333333333336 0.096875 0.09583333333333334
1 0.67734375 0.709375 0.059375 0.28854166666666664
1 0.5515625 0.6854166666666667 0.05546875 0.234375
1 0.6359375 0.465625 0.0859375 0.10625
2 0.340625 0.6604166666666667 0.03359375 0.041666666666666664
2 0.5859375 0.6989583333333333 0.025 0.05416666666666667