0 0.81953125 0.3458333333333333 0.0359375 0.04895833333333333
1 0.88671875 0.6239583333333333 0.065625 0.052083333333333336
0 0.60859375 0.6822916666666666 0.0359375 0.08125
0 0.609375 0.5729166666666666 0.0390625 0.059375
0 0.1515625 0.41770833333333335 0.05 0.07916666666666666
0 0.4609375 0.634375 0.0390625 0.07916666666666666
0 0.446875 0.45416666666666666 0.0375 0.04895833333333333
0 0.7265625 0.7822916666666667 0.0609375 0.10833333333333334
0 0.7921875 0.384375 0.0515625 0.071875
0 0.55078125 0.11979166666666667 0.0265625 0.027083333333333334
0 0.640625 0.13229166666666667 0.034375 0.041666666666666664
3 0.6609375 0.8010416666666667 0.0609375 0.09166666666666666