2 0.115625 0.6125 0.05703125 0.10833333333333334
3 0.646875 0.6604166666666667 0.084375 0.12604166666666666
3 0.75625 0.58125 0.12109375 0.21458333333333332
3 0.6625 0.43854166666666666 0.103125 0.16041666666666668
0 0.940625 0.053125 0.11640625 0.09166666666666666
0 0.64921875 0.075 0.084375 0.09583333333333334
0 0.584375 0.14791666666666667 0.053125 0.06458333333333334
0 0.78671875 0.9208333333333333 0.1265625 0.15833333333333333
0 0.6421875 0.8854166666666666 0.090625 0.18020833333333333
0 0.56484375 0.7760416666666666 0.0875 0.15104166666666666
0 0.909375 0.42916666666666664 0.1359375 0.25729166666666664
0 0.55390625 0.2760416666666667 0.071875 0.178125
0 0.209375 0.859375 0.078125 0.128125
0 0.22265625 0.6989583333333333 0.07890625 0.12395833333333334
0 0.55078125 0.5447916666666667 0.0765625 0.13125
0 0.4125 0.559375 0.071875 0.12604166666666666
0 0.428125 0.3416666666666667 0.06953125 0.12604166666666666
0 0.2609375 0.33541666666666664 0.05859375 0.10416666666666667
0 0.396875 0.065625 0.065625 0.09166666666666666