0 0.44140625 0.5072916666666667 0.0609375 0.10625
0 0.47265625 0.7447916666666666 0.090625 0.14583333333333334
0 0.578125 0.9083333333333333 0.071875 0.11354166666666667
3 0.17734375 0.6270833333333333 0.06796875 0.08854166666666667
3 0.13671875 0.9072916666666667 0.06796875 0.09166666666666666
3 0.4875 0.41770833333333335 0.05859375 0.08854166666666667
3 0.56171875 0.3958333333333333 0.05703125 0.09166666666666666
3 0.68984375 0.4666666666666667 0.0625 0.084375
3 0.503125 0.8739583333333333 0.05546875 0.11354166666666667
3 0.3546875 0.8947916666666667 0.0515625 0.08125
2 0.93671875 0.8427083333333333 0.0875 0.12083333333333333
1 0.625 0.43125 0.08359375 0.06666666666666667
1 0.39453125 0.4427083333333333 0.05546875 0.06666666666666667