3 0.1609375 0.2 0.078125 0.12395833333333334
3 0.153125 0.7854166666666667 0.14296875 0.26666666666666666
0 0.35625 0.0375 0.0515625 0.06875
0 0.23671875 0.6875 0.06796875 0.10104166666666667
0 0.24296875 0.509375 0.08359375 0.10625
0 0.284375 0.40208333333333335 0.07109375 0.11354166666666667
0 0.50390625 0.47604166666666664 0.06953125 0.09375
0 0.3453125 0.5260416666666666 0.06796875 0.11354166666666667
0 0.43828125 0.31875 0.06796875 0.128125
0 0.52734375 0.13229166666666667 0.059375 0.115625
0 0.3609375 0.325 0.04453125 0.09583333333333334
0 0.2953125 0.253125 0.07890625 0.13541666666666666
0 0.2140625 0.31875 0.0609375 0.10416666666666667