1 0.63828125 0.6552083333333333 0.07109375 0.06666666666666667
1 0.69609375 0.20104166666666667 0.0640625 0.12604166666666666
0 0.8890625 0.29270833333333335 0.071875 0.115625
0 0.4609375 0.265625 0.04140625 0.10625
0 0.24765625 0.9395833333333333 0.04609375 0.12083333333333333
0 0.46796875 0.9489583333333333 0.0890625 0.10104166666666667
0 0.5828125 0.821875 0.0765625 0.153125
0 0.11953125 0.7760416666666666 0.09140625 0.14583333333333334
0 0.04296875 0.042708333333333334 0.08359375 0.08125
3 0.21015625 0.8958333333333334 0.0484375 0.09375
3 0.4953125 0.7802083333333333 0.090625 0.1625
3 0.728125 0.684375 0.06640625 0.10833333333333334
3 0.5703125 0.48541666666666666 0.05390625 0.057291666666666664
3 0.5078125 0.46770833333333334 0.05390625 0.06666666666666667
3 0.41484375 0.625 0.0515625 0.059375
3 0.24140625 0.628125 0.053125 0.08125