3 0.52421875 0.30104166666666665 0.08203125 0.1625
0 0.04296875 0.390625 0.078125 0.153125
0 0.33359375 0.24791666666666667 0.078125 0.12604166666666666
0 0.36171875 0.43854166666666666 0.090625 0.15520833333333334
0 0.06171875 0.8395833333333333 0.11796875 0.21770833333333334
0 0.2890625 0.9104166666666667 0.109375 0.17916666666666667
0 0.42265625 0.8239583333333333 0.0875 0.14583333333333334
0 0.51796875 0.4322916666666667 0.0890625 0.14791666666666667
0 0.5953125 0.6145833333333334 0.090625 0.14791666666666667
0 0.74296875 0.5854166666666667 0.09453125 0.14270833333333333
0 0.70546875 0.784375 0.09140625 0.17083333333333334
0 0.59375 0.4666666666666667 0.06796875 0.13333333333333333
0 0.65078125 0.3333333333333333 0.06796875 0.10833333333333334
0 0.728125 0.37916666666666665 0.08203125 0.12083333333333333
0 0.74140625 0.09375 0.08046875 0.13333333333333333
0 0.31484375 0.15833333333333333 0.059375 0.059375
0 0.36171875 0.134375 0.0515625 0.09583333333333334
0 0.415625 0.16041666666666668 0.0734375 0.059375
1 0.45859375 0.509375 0.0640625 0.26458333333333334
1 0.603125 0.8010416666666667 0.15703125 0.24895833333333334
1 0.915625 0.19583333333333333 0.1359375 0.09583333333333334