1 0.196875 0.8177083333333334 0.071875 0.09895833333333333
1 0.196875 0.715625 0.03203125 0.07395833333333333
1 0.2296875 0.6145833333333334 0.084375 0.04479166666666667
2 0.61328125 0.9395833333333333 0.02109375 0.0375
2 0.62109375 0.7447916666666666 0.01640625 0.03229166666666667
3 0.86171875 0.3125 0.0515625 0.052083333333333336
3 0.68359375 0.475 0.05 0.071875
3 0.58046875 0.3854166666666667 0.04140625 0.059375
0 0.925 0.12916666666666668 0.046875 0.046875
0 0.81015625 0.07604166666666666 0.0375 0.05416666666666667
0 0.66640625 0.2375 0.03046875 0.04479166666666667
0 0.49765625 0.20104166666666667 0.02890625 0.046875
0 0.43203125 0.840625 0.071875 0.13125
0 0.246875 0.06875 0.0375 0.034375
0 0.165625 0.09479166666666666 0.0515625 0.06145833333333333