3 0.13359375 0.9135416666666667 0.09140625 0.09895833333333333
0 0.21328125 0.459375 0.040625 0.06458333333333334
0 0.1890625 0.37083333333333335 0.04140625 0.06458333333333334
0 0.6234375 0.8791666666666667 0.04453125 0.08854166666666667
0 0.60859375 0.746875 0.04140625 0.07604166666666666
0 0.55703125 0.6666666666666666 0.03359375 0.06458333333333334
0 0.67734375 0.60625 0.02890625 0.06145833333333333
0 0.64921875 0.540625 0.0234375 0.05416666666666667
0 0.54296875 0.40208333333333335 0.0359375 0.06875
0 0.396875 0.29791666666666666 0.03203125 0.0375
0 0.284375 0.446875 0.06640625 0.10416666666666667