1 0.8765625 0.17291666666666666 0.13359375 0.14270833333333333
3 0.7 0.509375 0.10546875 0.17083333333333334
3 0.7375 0.22083333333333333 0.1 0.18020833333333333
3 0.71796875 0.05520833333333333 0.09453125 0.10625
3 0.625 0.25104166666666666 0.08359375 0.17083333333333334
3 0.52265625 0.18854166666666666 0.10390625 0.18541666666666667
0 0.27421875 0.959375 0.11796875 0.08125
0 0.07421875 0.9145833333333333 0.14609375 0.17083333333333334
0 0.31796875 0.7708333333333334 0.128125 0.19270833333333334
0 0.47578125 0.7020833333333333 0.09296875 0.16041666666666668
0 0.815625 0.7708333333333334 0.0859375 0.153125
0 0.725 0.834375 0.078125 0.14270833333333333
0 0.746875 0.6354166666666666 0.0765625 0.13125
0 0.56953125 0.5520833333333334 0.09140625 0.19479166666666667
0 0.478125 0.46458333333333335 0.08359375 0.15833333333333333
0 0.3796875 0.559375 0.10390625 0.175
0 0.23203125 0.58125 0.10546875 0.175
0 0.790625 0.37395833333333334 0.1015625 0.115625
0 0.51640625 0.0375 0.05546875 0.06875
0 0.25390625 0.140625 0.09453125 0.10833333333333334
0 0.034375 0.25729166666666664 0.0640625 0.15833333333333333