2 0.55234375 0.3260416666666667 0.0265625 0.04479166666666667
0 0.9015625 0.2916666666666667 0.0640625 0.06875
0 0.83515625 0.48541666666666666 0.06796875 0.12604166666666666
0 0.8953125 0.8885416666666667 0.084375 0.13333333333333333
3 0.3171875 0.68125 0.12109375 0.20729166666666668
3 0.75 0.784375 0.071875 0.15520833333333334
3 0.503125 0.3729166666666667 0.0640625 0.11354166666666667
0 0.425 0.24895833333333334 0.04453125 0.084375
1 0.67421875 0.28541666666666665 0.0625 0.140625
1 0.62265625 0.3072916666666667 0.0375 0.15104166666666666
1 0.634375 0.49166666666666664 0.0375 0.14270833333333333