0 0.76328125 0.9635416666666666 0.0734375 0.07291666666666667
0 0.7796875 0.8875 0.05703125 0.09166666666666666
0 0.346875 0.4270833333333333 0.06796875 0.13333333333333333
0 0.54453125 0.10833333333333334 0.04140625 0.06458333333333334
0 0.51875 0.19166666666666668 0.034375 0.071875
0 0.89375 0.7052083333333333 0.05390625 0.06666666666666667
0 0.640625 0.5708333333333333 0.028125 0.06875
0 0.42265625 0.8916666666666667 0.04609375 0.09375
0 0.81875 0.5625 0.034375 0.05416666666666667
0 0.73359375 0.5989583333333334 0.03046875 0.041666666666666664
3 0.51875 0.38229166666666664 0.04609375 0.084375
3 0.55234375 0.3416666666666667 0.0484375 0.07604166666666666