2 0.62109375 0.17395833333333333 0.078125 0.11145833333333334
1 0.2328125 0.271875 0.084375 0.13333333333333333
0 0.01875 0.3958333333333333 0.02890625 0.14583333333333334
0 0.10234375 0.34791666666666665 0.07109375 0.12395833333333334
0 0.321875 0.6239583333333333 0.10546875 0.165625
0 0.165625 0.178125 0.084375 0.12395833333333334
0 0.209375 0.05416666666666667 0.07890625 0.09895833333333333
0 0.325 0.06666666666666667 0.0859375 0.128125
0 0.040625 0.171875 0.053125 0.10104166666666667
3 0.11171875 0.071875 0.09609375 0.13333333333333333
1 0.27109375 0.8645833333333334 0.10859375 0.20208333333333334
1 0.6765625 0.7458333333333333 0.071875 0.315625
2 0.56171875 0.7791666666666667 0.090625 0.15520833333333334
1 0.85078125 0.4322916666666667 0.06796875 0.23229166666666667