1 0.51953125 0.44479166666666664 0.03359375 0.1625
3 0.59921875 0.6447916666666667 0.0625 0.07916666666666666
3 0.48125 0.7989583333333333 0.115625 0.14583333333333334
1 0.834375 0.25104166666666666 0.11796875 0.09583333333333334
1 0.665625 0.6791666666666667 0.10859375 0.15833333333333333
0 0.70703125 0.24479166666666666 0.05546875 0.06875
0 0.70546875 0.3927083333333333 0.06953125 0.084375
0 0.64921875 0.3854166666666667 0.0515625 0.06875
0 0.61484375 0.44166666666666665 0.04609375 0.07916666666666666
0 0.61640625 0.525 0.06640625 0.09583333333333334
0 0.7203125 0.5072916666666667 0.0734375 0.10104166666666667
0 0.7 0.625 0.06953125 0.11354166666666667
0 0.709375 0.828125 0.07890625 0.13125
0 0.5265625 0.946875 0.071875 0.10625
0 0.41328125 0.9416666666666667 0.090625 0.115625
0 0.5609375 0.41354166666666664 0.05 0.09166666666666666
0 0.4625 0.4114583333333333 0.05546875 0.09166666666666666
0 0.50234375 0.628125 0.0625 0.10625
0 0.4125 0.6625 0.06953125 0.11145833333333334
0 0.27109375 0.584375 0.0859375 0.13125
0 0.44609375 0.290625 0.0640625 0.10625
0 0.265625 0.35104166666666664 0.0609375 0.08854166666666667