3 0.79453125 0.06770833333333333 0.06640625 0.09166666666666666
3 0.9734375 0.884375 0.053125 0.128125
3 0.49921875 0.578125 0.04609375 0.084375
3 0.2765625 0.33541666666666664 0.053125 0.06458333333333334
3 0.2 0.6291666666666667 0.0640625 0.07395833333333333
3 0.09453125 0.621875 0.04140625 0.04895833333333333
0 0.52578125 0.7291666666666666 0.0515625 0.09166666666666666
0 0.4453125 0.6052083333333333 0.05390625 0.08854166666666667
0 0.35625 0.5083333333333333 0.05390625 0.09375
0 0.94921875 0.059375 0.1015625 0.11354166666666667
0 0.9640625 0.23958333333333334 0.071875 0.1625
0 0.64921875 0.5 0.07109375 0.13125
1 0.703125 0.4822916666666667 0.05390625 0.13125
1 0.7625 0.4010416666666667 0.071875 0.18541666666666667
1 0.5796875 0.5729166666666666 0.0734375 0.09375