2 0.63828125 0.184375 0.0625 0.12604166666666666
0 0.05 0.7625 0.0859375 0.153125
0 0.0265625 0.059375 0.046875 0.11354166666666667
0 0.1640625 0.06875 0.0890625 0.11354166666666667
0 0.296875 0.090625 0.05859375 0.10104166666666667
0 0.3640625 0.15208333333333332 0.05 0.10104166666666667
0 0.39609375 0.2875 0.06953125 0.115625
0 0.4296875 0.44583333333333336 0.0734375 0.15520833333333334
0 0.509375 0.47291666666666665 0.05859375 0.08645833333333333
3 0.83671875 0.9145833333333333 0.065625 0.12604166666666666
1 0.0578125 0.4822916666666667 0.084375 0.21979166666666666
1 0.28671875 0.471875 0.084375 0.16770833333333332
2 0.51328125 0.3958333333333333 0.03203125 0.06666666666666667
2 0.346875 0.051041666666666666 0.0265625 0.06145833333333333