1 0.05390625 0.5791666666666667 0.103125 0.18541666666666667
1 0.253125 0.053125 0.06640625 0.10104166666666667
1 0.38359375 0.12395833333333334 0.0859375 0.13333333333333333
1 0.496875 0.26145833333333335 0.08046875 0.14791666666666667
1 0.11875 0.29583333333333334 0.12109375 0.18229166666666666
1 0.071875 0.165625 0.10703125 0.14270833333333333
1 0.2015625 0.16041666666666668 0.053125 0.084375
1 0.2625 0.2625 0.0890625 0.175
1 0.290625 0.509375 0.078125 0.16041666666666668
1 0.39453125 0.6208333333333333 0.078125 0.165625
1 0.4375 0.9010416666666666 0.10859375 0.19791666666666666