0 0.8 0.22708333333333333 0.0859375 0.14791666666666667
0 0.33828125 0.8083333333333333 0.084375 0.175
0 0.36796875 0.09791666666666667 0.075 0.115625
0 0.5 0.09479166666666666 0.06953125 0.115625
0 0.56484375 0.18854166666666666 0.04296875 0.09166666666666666
0 0.4359375 0.3333333333333333 0.06953125 0.12395833333333334
0 0.521875 0.5322916666666667 0.06640625 0.14583333333333334
0 0.82734375 0.5125 0.090625 0.17083333333333334
0 0.8921875 0.759375 0.09296875 0.18541666666666667
0 0.78046875 0.8447916666666667 0.09453125 0.153125
0 0.6234375 0.68125 0.08359375 0.14791666666666667
3 0.4109375 0.4947916666666667 0.06640625 0.10625
1 0.9265625 0.37604166666666666 0.146875 0.12083333333333333
3 0.60625 0.3625 0.06796875 0.10416666666666667
3 0.4796875 0.93125 0.065625 0.11354166666666667