0 0.41328125 0.6958333333333333 0.0625 0.10416666666666667
0 0.53125 0.8135416666666667 0.07890625 0.13541666666666666
0 0.49453125 0.5739583333333333 0.05546875 0.08645833333333333
0 0.5953125 0.659375 0.059375 0.13333333333333333
0 0.74296875 0.66875 0.06640625 0.14270833333333333
0 0.6828125 0.49583333333333335 0.0625 0.10833333333333334
0 0.60625 0.346875 0.07109375 0.140625
0 0.7984375 0.421875 0.06953125 0.128125
0 0.88046875 0.8572916666666667 0.1109375 0.19791666666666666
0 0.97578125 0.7375 0.0484375 0.14583333333333334
0 0.52578125 0.07916666666666666 0.0484375 0.07395833333333333
0 0.628125 0.13229166666666667 0.046875 0.06145833333333333
0 0.759375 0.20625 0.05390625 0.09166666666666666
0 0.934375 0.19166666666666668 0.06796875 0.12604166666666666
0 0.70625 0.046875 0.090625 0.08854166666666667
0 0.80546875 0.128125 0.05859375 0.08854166666666667
3 0.95546875 0.4010416666666667 0.046875 0.071875
3 0.675 0.7916666666666666 0.1109375 0.165625