0 0.203125 0.6947916666666667 0.04296875 0.07604166666666666
0 0.078125 0.8645833333333334 0.0609375 0.11354166666666667
0 0.05 0.7177083333333333 0.0609375 0.10104166666666667
0 0.48515625 0.390625 0.040625 0.07395833333333333
0 0.86484375 0.8041666666666667 0.11796875 0.18020833333333333
0 0.4234375 0.5458333333333333 0.03359375 0.059375
0 0.45625 0.5854166666666667 0.034375 0.084375
0 0.4734375 0.815625 0.05546875 0.10625
0 0.53671875 0.8020833333333334 0.0734375 0.11875
0 0.6296875 0.8802083333333334 0.08203125 0.15104166666666666
0 0.478125 0.94375 0.065625 0.1125
0 0.5484375 0.9322916666666666 0.08359375 0.12604166666666666
1 0.575 0.328125 0.071875 0.10416666666666667
1 0.7078125 0.3020833333333333 0.1484375 0.115625
1 0.5390625 0.628125 0.0609375 0.18541666666666667
1 0.73359375 0.051041666666666666 0.053125 0.09166666666666666