3 0.09609375 0.8270833333333333 0.06953125 0.09895833333333333
3 0.4703125 0.9020833333333333 0.0984375 0.19479166666666667
2 0.521875 0.12916666666666668 0.0265625 0.041666666666666664
2 0.78828125 0.29270833333333335 0.04296875 0.11145833333333334
3 0.58828125 0.775 0.1265625 0.2125
3 0.728125 0.6739583333333333 0.109375 0.20208333333333334
3 0.50390625 0.4322916666666667 0.08359375 0.153125
0 0.396875 0.965625 0.08359375 0.06875
0 0.02109375 0.815625 0.0390625 0.15520833333333334
0 0.246875 0.8375 0.09453125 0.14270833333333333
0 0.42890625 0.7885416666666667 0.071875 0.12083333333333333
0 0.35078125 0.69375 0.09609375 0.13854166666666667
0 0.31640625 0.559375 0.09140625 0.14583333333333334