3 0.090625 0.8375 0.05546875 0.09375
3 0.65234375 0.78125 0.0625 0.10625
3 0.84609375 0.6010416666666667 0.053125 0.08125
3 0.8265625 0.4395833333333333 0.0390625 0.04479166666666667
3 0.69609375 0.4947916666666667 0.0390625 0.057291666666666664
3 0.53828125 0.6322916666666667 0.03203125 0.05416666666666667
3 0.378125 0.6354166666666666 0.03203125 0.046875
0 0.7640625 0.34791666666666665 0.03359375 0.05416666666666667
0 0.640625 0.6385416666666667 0.0265625 0.041666666666666664
0 0.428125 0.828125 0.02109375 0.057291666666666664
0 0.39296875 0.9322916666666666 0.04140625 0.07604166666666666
0 0.03515625 0.6625 0.040625 0.06666666666666667