3 0.17421875 0.30520833333333336 0.07109375 0.11145833333333334
3 0.13984375 0.27291666666666664 0.0734375 0.09583333333333334
3 0.04140625 0.121875 0.071875 0.115625
3 0.9265625 0.521875 0.03359375 0.052083333333333336
3 0.78359375 0.7677083333333333 0.0609375 0.08854166666666667
3 0.56875 0.49895833333333334 0.06796875 0.059375
3 0.59453125 0.6 0.0390625 0.05416666666666667
3 0.49296875 0.6489583333333333 0.053125 0.08854166666666667
0 0.41484375 0.9489583333333333 0.0765625 0.10104166666666667
0 0.54140625 0.5854166666666667 0.05546875 0.07916666666666666
0 0.83203125 0.37604166666666666 0.05 0.071875
0 0.5921875 0.28854166666666664 0.04296875 0.07916666666666666
0 0.115625 0.04895833333333333 0.06640625 0.06458333333333334