2 0.978125 0.034375 0.04296875 0.05416666666666667
0 0.68359375 0.07291666666666667 0.08359375 0.13541666666666666
1 0.653125 0.19583333333333333 0.12109375 0.13125
3 0.33125 0.7197916666666667 0.14296875 0.21979166666666666
3 0.4703125 0.7385416666666667 0.0984375 0.1625
3 0.59453125 0.621875 0.10859375 0.21770833333333334
3 0.565625 0.4239583333333333 0.1015625 0.165625
3 0.35078125 0.22083333333333333 0.134375 0.18541666666666667
0 0.9546875 0.35208333333333336 0.090625 0.13541666666666666
0 0.88125 0.4479166666666667 0.09296875 0.115625
0 0.671875 0.8010416666666667 0.10390625 0.15104166666666666
0 0.52109375 0.17291666666666666 0.096875 0.153125
0 0.4703125 0.35104166666666664 0.08203125 0.14270833333333333
0 0.30859375 0.509375 0.10546875 0.15104166666666666
0 0.03671875 0.05416666666666667 0.06796875 0.10416666666666667