0 0.1453125 0.7479166666666667 0.10390625 0.15833333333333333
0 0.32265625 0.715625 0.084375 0.128125
0 0.528125 0.8541666666666666 0.084375 0.13854166666666667
0 0.684375 0.43333333333333335 0.07890625 0.12083333333333333
0 0.70859375 0.2 0.05546875 0.08854166666666667
0 0.225 0.43125 0.0640625 0.09166666666666666
0 0.31015625 0.5395833333333333 0.084375 0.12083333333333333
0 0.3203125 0.4010416666666667 0.084375 0.15104166666666666
0 0.43828125 0.4239583333333333 0.07109375 0.13541666666666666
0 0.52890625 0.4708333333333333 0.05859375 0.13125
0 0.5015625 0.22916666666666666 0.05 0.07395833333333333
0 0.52890625 0.32395833333333335 0.09140625 0.10416666666666667
0 0.57734375 0.2677083333333333 0.0484375 0.10104166666666667
0 0.20625 0.13125 0.065625 0.09375
0 0.390625 0.042708333333333334 0.065625 0.07604166666666666
0 0.490625 0.09479166666666666 0.05390625 0.09166666666666666
0 0.55 0.09895833333333333 0.053125 0.09895833333333333
0 0.696875 0.09375 0.05859375 0.07395833333333333
3 0.5859375 0.5729166666666666 0.06953125 0.084375