0 0.284375 0.32083333333333336 0.06640625 0.09375
0 0.575 0.15729166666666666 0.0390625 0.07604166666666666
0 0.690625 0.31875 0.053125 0.13854166666666667
0 0.73671875 0.384375 0.05390625 0.08125
0 0.71796875 0.7385416666666667 0.05546875 0.13854166666666667
3 0.39453125 0.9395833333333333 0.14140625 0.12083333333333333
3 0.5453125 0.3614583333333333 0.05390625 0.071875
3 0.1734375 0.6145833333333334 0.1109375 0.10416666666666667
1 0.09609375 0.7739583333333333 0.1640625 0.12083333333333333
1 0.08984375 0.9041666666666667 0.109375 0.18229166666666666
1 0.225 0.53125 0.13359375 0.06875
1 0.140625 0.7510416666666667 0.12109375 0.09895833333333333
1 0.3625 0.378125 0.09453125 0.07395833333333333