0 0.13515625 0.6114583333333333 0.05390625 0.06666666666666667
0 0.1625 0.6666666666666666 0.05546875 0.06458333333333334
0 0.31171875 0.625 0.04609375 0.07395833333333333
0 0.359375 0.6354166666666666 0.06953125 0.09166666666666666
0 0.425 0.5729166666666666 0.053125 0.07395833333333333
0 0.521875 0.628125 0.0484375 0.08125
0 0.58203125 0.5333333333333333 0.053125 0.07395833333333333
0 0.534375 0.7875 0.08046875 0.13854166666666667
0 0.396875 0.7739583333333333 0.0375 0.08125
0 0.578125 0.4041666666666667 0.04609375 0.071875
0 0.64140625 0.30416666666666664 0.05546875 0.07395833333333333
0 0.8625 0.21354166666666666 0.05546875 0.09583333333333334