0 0.33125 0.9 0.1265625 0.2
0 0.5375 0.440625 0.06953125 0.13541666666666666
1 0.30078125 0.5520833333333334 0.0625 0.18020833333333333
1 0.7109375 0.9072916666666667 0.05859375 0.18541666666666667
1 0.590625 0.6583333333333333 0.046875 0.11145833333333334
1 0.5765625 0.8125 0.053125 0.13333333333333333
1 0.4390625 0.846875 0.04453125 0.271875
3 0.19921875 0.8072916666666666 0.10390625 0.153125
3 0.46796875 0.665625 0.075 0.12083333333333333
3 0.67109375 0.7447916666666666 0.071875 0.115625
3 0.5046875 0.94375 0.053125 0.1125