0 0.03046875 0.14166666666666666 0.05859375 0.209375
0 0.1453125 0.484375 0.1125 0.18229166666666666
0 0.275 0.5083333333333333 0.1 0.178125
0 0.384375 0.5333333333333333 0.103125 0.19791666666666666
0 0.509375 0.575 0.10546875 0.19270833333333334
0 0.64296875 0.5645833333333333 0.13359375 0.18541666666666667
0 0.68984375 0.25729166666666664 0.10703125 0.1875
0 0.44765625 0.4010416666666667 0.109375 0.19479166666666667
0 0.3546875 0.38125 0.090625 0.15520833333333334
0 0.61875 0.940625 0.11796875 0.11875
3 0.2359375 0.6489583333333333 0.06640625 0.128125
3 0.1921875 0.846875 0.09609375 0.1875
3 0.696875 0.8375 0.09140625 0.1875
3 0.675 0.653125 0.06640625 0.09583333333333334
3 0.790625 0.7395833333333334 0.15703125 0.2791666666666667
3 0.77421875 0.9427083333333334 0.1125 0.11354166666666667
3 0.27265625 0.15729166666666666 0.11796875 0.16041666666666668