0 0.34609375 0.18020833333333333 0.0640625 0.11875
0 0.2875 0.23958333333333334 0.071875 0.13333333333333333
0 0.34921875 0.3260416666666667 0.05703125 0.12395833333333334
0 0.40703125 0.37083333333333335 0.046875 0.06875
0 0.25625 0.66875 0.0765625 0.153125
0 0.059375 0.90625 0.115625 0.17291666666666666
0 0.74453125 0.22083333333333333 0.06640625 0.24479166666666666
0 0.94375 0.5802083333333333 0.1125 0.15833333333333333
1 0.8875 0.7020833333333333 0.10546875 0.21458333333333332
1 0.56875 0.8052083333333333 0.09609375 0.1625
1 0.8203125 0.6666666666666666 0.065625 0.13854166666666667