0 0.24453125 0.4479166666666667 0.06953125 0.12604166666666666
0 0.28125 0.3072916666666667 0.059375 0.09583333333333334
0 0.39453125 0.32916666666666666 0.0640625 0.115625
0 0.46875 0.30520833333333336 0.065625 0.10104166666666667
0 0.4578125 0.409375 0.0625 0.11875
0 0.43125 0.5708333333333333 0.05703125 0.09895833333333333
0 0.1859375 0.7385416666666667 0.0890625 0.10833333333333334
0 0.1296875 0.915625 0.09609375 0.153125
0 0.04921875 0.646875 0.0734375 0.09895833333333333
0 0.540625 0.059375 0.0484375 0.09375
0 0.415625 0.20208333333333334 0.0359375 0.08854166666666667