0 0.578125 0.509375 0.0765625 0.12083333333333333
0 0.69765625 0.3625 0.07890625 0.16770833333333332
0 0.5265625 0.6677083333333333 0.0890625 0.12604166666666666
0 0.646875 0.5520833333333334 0.0890625 0.10625
0 0.4609375 0.7947916666666667 0.10859375 0.19791666666666666
0 0.73828125 0.7041666666666667 0.0984375 0.153125
0 0.7890625 0.878125 0.11640625 0.209375
0 0.9171875 0.8020833333333334 0.140625 0.20729166666666668
2 0.9609375 0.5708333333333333 0.078125 0.13854166666666667
3 0.584375 0.753125 0.1 0.128125
3 0.68203125 0.7927083333333333 0.103125 0.17291666666666666