0 0.5515625 0.859375 0.0609375 0.13333333333333333
0 0.6109375 0.8916666666666667 0.06953125 0.15833333333333333
0 0.77421875 0.725 0.09296875 0.13541666666666666
0 0.8734375 0.9 0.125 0.18541666666666667
0 0.89375 0.24895833333333334 0.1234375 0.18229166666666666
0 0.68359375 0.2125 0.0640625 0.10833333333333334
0 0.6578125 0.33541666666666664 0.090625 0.13854166666666667
0 0.578125 0.2520833333333333 0.075 0.12395833333333334
0 0.621875 0.621875 0.0625 0.11354166666666667
0 0.503125 0.4239583333333333 0.03046875 0.06666666666666667
0 0.53359375 0.48020833333333335 0.03359375 0.07604166666666666
0 0.5140625 0.5291666666666667 0.03359375 0.071875
0 0.47890625 0.534375 0.0359375 0.06145833333333333