0 0.23515625 0.3885416666666667 0.059375 0.10625
0 0.521875 0.4583333333333333 0.05859375 0.09166666666666666
0 0.6046875 0.09479166666666666 0.05703125 0.09583333333333334
0 0.615625 0.290625 0.05546875 0.08645833333333333
0 0.88671875 0.3416666666666667 0.0375 0.057291666666666664
0 0.91875 0.6260416666666667 0.0515625 0.10104166666666667
3 0.28828125 0.9197916666666667 0.0734375 0.09583333333333334
3 0.33359375 0.7291666666666666 0.05 0.071875
3 0.490625 0.8135416666666667 0.059375 0.06666666666666667
3 0.50703125 0.8854166666666666 0.05546875 0.07604166666666666
3 0.54140625 0.9375 0.046875 0.08125
3 0.70546875 0.5458333333333333 0.05859375 0.084375
3 0.80546875 0.5291666666666667 0.04453125 0.06145833333333333
3 0.44921875 0.042708333333333334 0.0484375 0.057291666666666664
3 0.159375 0.4583333333333333 0.0625 0.08645833333333333