0 0.165625 0.14479166666666668 0.07109375 0.12604166666666666
0 0.0359375 0.20520833333333333 0.06953125 0.20208333333333334
0 0.06875 0.3802083333333333 0.0875 0.1625
0 0.11328125 0.7145833333333333 0.10390625 0.225
0 0.52578125 0.78125 0.090625 0.19479166666666667
0 0.56484375 0.2125 0.0765625 0.153125
0 0.63359375 0.24895833333333334 0.05546875 0.09895833333333333
0 0.49140625 0.11770833333333333 0.0890625 0.15520833333333334
0 0.546875 0.05416666666666667 0.09453125 0.10416666666666667
0 0.11875 0.2520833333333333 0.06796875 0.09895833333333333
1 0.890625 0.29583333333333334 0.0515625 0.17291666666666666
1 0.96328125 0.6270833333333333 0.0734375 0.13333333333333333