0 0.234375 0.5135416666666667 0.06953125 0.09375
0 0.40390625 0.29583333333333334 0.05859375 0.09375
0 0.32109375 0.16770833333333332 0.0609375 0.08854166666666667
0 0.47421875 0.2791666666666667 0.05390625 0.09895833333333333
0 0.528125 0.26458333333333334 0.05703125 0.11875
0 0.590625 0.31354166666666666 0.053125 0.08854166666666667
0 0.659375 0.3125 0.05859375 0.08645833333333333
0 0.69296875 0.225 0.05859375 0.08854166666666667
0 0.50859375 0.4739583333333333 0.096875 0.11875
0 0.46171875 0.5927083333333333 0.05703125 0.08854166666666667
0 0.521875 0.7322916666666667 0.065625 0.12083333333333333
0 0.6359375 0.79375 0.09140625 0.13541666666666666
0 0.58984375 0.675 0.0765625 0.13541666666666666
3 0.31953125 0.6416666666666667 0.0640625 0.09375