0 0.03046875 0.21979166666666666 0.05859375 0.11875
0 0.51484375 0.9302083333333333 0.1015625 0.13958333333333334
0 0.71875 0.9395833333333333 0.0765625 0.10625
0 0.546875 0.6520833333333333 0.04453125 0.11875
0 0.5421875 0.49895833333333334 0.040625 0.11354166666666667
0 0.48046875 0.065625 0.0640625 0.115625
0 0.5828125 0.08020833333333334 0.034375 0.08645833333333333
0 0.63359375 0.22708333333333333 0.0359375 0.10833333333333334
0 0.87578125 0.2375 0.04609375 0.07916666666666666
1 0.78984375 0.47291666666666665 0.09609375 0.14583333333333334
1 0.871875 0.6291666666666667 0.0609375 0.11875
1 0.45703125 0.709375 0.05859375 0.13541666666666666
3 0.553125 0.07083333333333333 0.0359375 0.08125
3 0.896875 0.846875 0.05859375 0.11875
3 0.75703125 0.809375 0.0609375 0.10416666666666667
3 0.07265625 0.9072916666666667 0.0734375 0.10625