0 0.24921875 0.10208333333333333 0.07890625 0.13541666666666666
0 0.53203125 0.08125 0.053125 0.10416666666666667
0 0.6734375 0.9145833333333333 0.09453125 0.17083333333333334
1 0.75 0.7572916666666667 0.06640625 0.140625
1 0.05390625 0.59375 0.05546875 0.12604166666666666
1 0.0421875 0.7822916666666667 0.08203125 0.10416666666666667
3 0.378125 0.8854166666666666 0.0484375 0.10104166666666667
3 0.63828125 0.8177083333333334 0.08203125 0.11875
3 0.56953125 0.159375 0.06640625 0.09583333333333334
3 0.1203125 0.425 0.065625 0.11354166666666667
3 0.01796875 0.8885416666666667 0.03359375 0.09895833333333333