0 0.41171875 0.484375 0.065625 0.11875
0 0.16640625 0.5708333333333333 0.05546875 0.128125
0 0.49140625 0.0625 0.0640625 0.09583333333333334
0 0.73203125 0.525 0.0859375 0.16041666666666668
0 0.48828125 0.8979166666666667 0.0875 0.175
0 0.7875 0.32916666666666666 0.05546875 0.10104166666666667
0 0.0609375 0.21875 0.046875 0.07604166666666666
0 0.11640625 0.265625 0.0359375 0.07604166666666666
0 0.171875 0.39895833333333336 0.03203125 0.071875
3 0.0921875 0.6791666666666667 0.0734375 0.11875
3 0.328125 0.3260416666666667 0.04296875 0.08854166666666667