0 0.18046875 0.5020833333333333 0.1 0.140625
0 0.58671875 0.39895833333333336 0.11796875 0.23958333333333334
0 0.665625 0.5385416666666667 0.12109375 0.22708333333333333
0 0.76796875 0.42083333333333334 0.125 0.225
0 0.94375 0.32916666666666666 0.1125 0.2791666666666667
0 0.56171875 0.7583333333333333 0.159375 0.28125
0 0.73984375 0.8270833333333333 0.1375 0.2864583333333333
0 0.61015625 0.953125 0.1234375 0.09375
3 0.31328125 0.809375 0.0875 0.1625
3 0.478125 0.22083333333333333 0.08203125 0.165625
3 0.49921875 0.057291666666666664 0.059375 0.10416666666666667
3 0.58984375 0.13333333333333333 0.109375 0.24166666666666667
3 0.81171875 0.19166666666666668 0.165625 0.26875