0 0.1984375 0.5614583333333333 0.0640625 0.12083333333333333
0 0.509375 0.5947916666666667 0.071875 0.11875
0 0.60390625 0.37395833333333334 0.05546875 0.09166666666666666
0 0.496875 0.26875 0.0640625 0.08854166666666667
0 0.57578125 0.171875 0.059375 0.12083333333333333
0 0.9125 0.3875 0.05 0.084375
0 0.9703125 0.6989583333333333 0.059375 0.11875
3 0.11328125 0.659375 0.065625 0.10833333333333334
3 0.31640625 0.9208333333333333 0.05546875 0.084375
3 0.72578125 0.671875 0.0734375 0.09895833333333333
3 0.83984375 0.6072916666666667 0.0625 0.06458333333333334
3 0.4140625 0.14479166666666668 0.046875 0.071875