3 0.11796875 0.42083333333333334 0.053125 0.057291666666666664
3 0.39296875 0.7145833333333333 0.04453125 0.071875
0 0.05703125 0.15208333333333332 0.0359375 0.046875
0 0.27890625 0.2552083333333333 0.01953125 0.027083333333333334
0 0.2984375 0.29270833333333335 0.021875 0.03229166666666667
0 0.3140625 0.33958333333333335 0.028125 0.0375
0 0.33828125 0.425 0.02890625 0.059375
0 0.36171875 0.5614583333333333 0.04609375 0.08645833333333333
0 0.34921875 0.653125 0.05390625 0.08645833333333333
0 0.340625 0.81875 0.0734375 0.13125
0 0.315625 0.6854166666666667 0.053125 0.09166666666666666
0 0.14296875 0.8385416666666666 0.071875 0.10625
0 0.08984375 0.728125 0.0734375 0.08854166666666667
0 0.2375 0.5760416666666667 0.0609375 0.09583333333333334
0 0.2 0.26145833333333335 0.03046875 0.04479166666666667
0 0.14453125 0.2916666666666667 0.04453125 0.059375