0 0.0765625 0.5291666666666667 0.1359375 0.20520833333333333
0 0.209375 0.234375 0.09453125 0.153125
0 0.11796875 0.14270833333333333 0.096875 0.14791666666666667
0 0.253125 0.10104166666666667 0.11796875 0.17291666666666666
0 0.37890625 0.178125 0.10859375 0.19791666666666666
0 0.2546875 0.8572916666666667 0.10703125 0.18229166666666666
0 0.415625 0.73125 0.08359375 0.18229166666666666
0 0.3578125 0.91875 0.084375 0.1625
0 0.453125 0.9354166666666667 0.09453125 0.128125
0 0.5046875 0.7791666666666667 0.10703125 0.21979166666666666
0 0.56953125 0.9416666666666667 0.103125 0.115625
0 0.7078125 0.9208333333333333 0.11796875 0.15833333333333333
0 0.75234375 0.5583333333333333 0.115625 0.20208333333333334
2 0.684375 0.24583333333333332 0.08046875 0.16041666666666668
3 0.32265625 0.4739583333333333 0.11796875 0.1875
3 0.49296875 0.05416666666666667 0.06640625 0.09375