0 0.06328125 0.10416666666666667 0.07890625 0.08854166666666667
0 0.409375 0.15520833333333334 0.053125 0.08854166666666667
0 0.4484375 0.4552083333333333 0.071875 0.140625
0 0.3109375 0.725 0.09140625 0.13125
0 0.096875 0.5416666666666666 0.0875 0.12604166666666666
0 0.078125 0.678125 0.10390625 0.12604166666666666
0 0.0359375 0.43854166666666666 0.06953125 0.12083333333333333
0 0.028125 0.8385416666666666 0.053125 0.16041666666666668
0 0.4703125 0.18229166666666666 0.04609375 0.084375
0 0.40703125 0.0625 0.053125 0.08125
1 0.62890625 0.9208333333333333 0.15546875 0.13333333333333333