0 0.1265625 0.14479166666666668 0.05546875 0.071875
0 0.18359375 0.31875 0.071875 0.12395833333333334
0 0.21640625 0.25729166666666664 0.04453125 0.07395833333333333
0 0.228125 0.07916666666666666 0.04296875 0.059375
0 0.39765625 0.10729166666666666 0.0515625 0.07604166666666666
0 0.42734375 0.0625 0.0515625 0.07604166666666666
0 0.434375 0.165625 0.04453125 0.06875
0 0.47265625 0.20729166666666668 0.0265625 0.059375
0 0.396875 0.359375 0.05703125 0.115625
0 0.24296875 0.47291666666666665 0.078125 0.12083333333333333
0 0.17734375 0.5645833333333333 0.090625 0.140625
0 0.01953125 0.4979166666666667 0.0359375 0.10104166666666667
0 0.128125 0.059375 0.05859375 0.08854166666666667
0 0.18046875 0.025 0.04140625 0.04479166666666667
0 0.3 0.4822916666666667 0.05 0.11145833333333334
0 0.81953125 0.278125 0.053125 0.10625
1 0.590625 0.4270833333333333 0.05703125 0.06875
1 0.62578125 0.9239583333333333 0.084375 0.08854166666666667
3 0.8796875 0.10104166666666667 0.0625 0.059375