0 0.321875 0.8958333333333334 0.08203125 0.153125
0 0.42421875 0.1625 0.17890625 0.315625
1 0.61484375 0.775 0.27890625 0.365625
3 0.4796875 0.09895833333333333 0.11796875 0.19270833333333334
3 0.83984375 0.3854166666666667 0.3203125 0.7666666666666667
3 0.5828125 0.5041666666666667 0.1484375 0.2760416666666667
3 0.4546875 0.4947916666666667 0.09609375 0.165625
3 0.42109375 0.40625 0.0609375 0.11145833333333334
3 0.44921875 0.2989583333333333 0.0875 0.1625
3 0.37265625 0.365625 0.05703125 0.11875
3 0.33046875 0.575 0.08359375 0.18229166666666666
3 0.203125 0.746875 0.07890625 0.12604166666666666