0 0.1671875 0.32395833333333335 0.0515625 0.08854166666666667
0 0.240625 0.715625 0.0390625 0.09895833333333333
0 0.309375 0.7395833333333334 0.053125 0.07604166666666666
0 0.2875 0.29270833333333335 0.03046875 0.06666666666666667
3 0.409375 0.58125 0.0375 0.06145833333333333
3 0.61875 0.70625 0.059375 0.07916666666666666
3 0.63203125 0.6572916666666667 0.05859375 0.05416666666666667
3 0.48125 0.4354166666666667 0.0375 0.041666666666666664
3 0.5640625 0.3729166666666667 0.0359375 0.034375
3 0.04609375 0.815625 0.0859375 0.15104166666666666
3 0.38984375 0.8791666666666667 0.06796875 0.09895833333333333