0 0.6875 0.7520833333333333 0.09140625 0.175
0 0.79140625 0.8979166666666667 0.096875 0.17083333333333334
0 0.82734375 0.5572916666666666 0.10703125 0.18541666666666667
0 0.934375 0.13854166666666667 0.13046875 0.21770833333333334
0 0.67734375 0.24791666666666667 0.0515625 0.10625
0 0.6328125 0.28229166666666666 0.0515625 0.09166666666666666
0 0.58515625 0.28020833333333334 0.04609375 0.08645833333333333
0 0.628125 0.146875 0.053125 0.09583333333333334
0 0.52421875 0.37083333333333335 0.034375 0.06875
0 0.63671875 0.6083333333333333 0.0375 0.07604166666666666
3 0.78125 0.08020833333333334 0.09296875 0.12083333333333333