0 0.83671875 0.5260416666666666 0.12109375 0.1875
0 0.665625 0.44583333333333336 0.08203125 0.13541666666666666
0 0.58359375 0.790625 0.078125 0.128125
0 0.6390625 0.8916666666666667 0.0859375 0.14791666666666667
0 0.471875 0.9614583333333333 0.05546875 0.07604166666666666
0 0.42109375 0.9708333333333333 0.0515625 0.058333333333333334
0 0.484375 0.7802083333333333 0.05859375 0.11354166666666667
0 0.52578125 0.5395833333333333 0.05390625 0.09166666666666666
0 0.5484375 0.4479166666666667 0.053125 0.08125
0 0.81015625 0.8885416666666667 0.340625 0.221875
3 0.7890625 0.6479166666666667 0.08359375 0.15104166666666666
3 0.7765625 0.8791666666666667 0.1 0.178125
3 0.90078125 0.8791666666666667 0.10390625 0.19791666666666666