0 0.546875 0.12083333333333333 0.134375 0.2375
1 0.73515625 0.5791666666666667 0.25390625 0.175
3 0.46796875 0.540625 0.05546875 0.17291666666666666
3 0.49140625 0.6677083333333333 0.078125 0.140625
3 0.4828125 0.9291666666666667 0.08203125 0.140625
3 0.55625 0.28125 0.06796875 0.12395833333333334
3 0.48203125 0.3572916666666667 0.05859375 0.11145833333333334
3 0.57734375 0.4375 0.065625 0.13854166666666667
3 0.803125 0.7604166666666666 0.09296875 0.20729166666666668
3 0.70390625 0.7135416666666666 0.078125 0.19270833333333334
3 0.909375 0.7447916666666666 0.09296875 0.15520833333333334
3 0.86484375 0.16041666666666668 0.25703125 0.315625
3 0.5921875 0.051041666666666666 0.090625 0.09583333333333334