0 0.05078125 0.46458333333333335 0.0984375 0.29583333333333334
0 0.16796875 0.49583333333333335 0.10859375 0.23229166666666667
0 0.25703125 0.5802083333333333 0.1109375 0.24166666666666667
0 0.184375 0.85 0.175 0.3
0 0.33359375 0.8572916666666667 0.1109375 0.28541666666666665
0 0.43203125 0.8083333333333333 0.1109375 0.2
0 0.5046875 0.43854166666666666 0.10703125 0.20520833333333333
0 0.45390625 0.246875 0.09140625 0.13333333333333333
0 0.31953125 0.2604166666666667 0.1 0.17083333333333334
0 0.29296875 0.09270833333333334 0.06953125 0.15104166666666666
0 0.92109375 0.29583333333333334 0.0859375 0.178125
2 0.771875 0.6052083333333333 0.0640625 0.12395833333333334
2 0.834375 0.3802083333333333 0.06796875 0.14791666666666667