0 0.096875 0.365625 0.11796875 0.1875
0 0.15625 0.259375 0.0734375 0.11354166666666667
0 0.26953125 0.5510416666666667 0.075 0.128125
0 0.4015625 0.384375 0.0609375 0.13541666666666666
0 0.171875 0.5666666666666667 0.11640625 0.175
0 0.075 0.728125 0.14453125 0.21770833333333334
0 0.02890625 0.11458333333333333 0.05546875 0.09166666666666666
0 0.04140625 0.03333333333333333 0.08046875 0.06145833333333333
0 0.18828125 0.03229166666666667 0.05390625 0.059375
0 0.403125 0.04791666666666667 0.0609375 0.08645833333333333
0 0.45234375 0.115625 0.0625 0.11354166666666667
0 0.503125 0.15833333333333333 0.0390625 0.07395833333333333
1 0.66640625 0.4739583333333333 0.09140625 0.10833333333333334
1 0.8953125 0.353125 0.0765625 0.11875
1 0.2859375 0.6864583333333333 0.05859375 0.128125
1 0.315625 0.5083333333333333 0.05 0.07395833333333333
1 0.3640625 0.48541666666666666 0.05546875 0.13541666666666666
1 0.834375 0.27395833333333336 0.04140625 0.10416666666666667
1 0.66640625 0.3177083333333333 0.05 0.08125
1 0.665625 0.19166666666666668 0.053125 0.09166666666666666