0 0.23515625 0.22604166666666667 0.05390625 0.10104166666666667
0 0.25 0.446875 0.06953125 0.11354166666666667
0 0.2953125 0.5479166666666667 0.0734375 0.13333333333333333
0 0.35 0.625 0.05859375 0.14791666666666667
0 0.40625 0.5604166666666667 0.07890625 0.12395833333333334
0 0.3828125 0.453125 0.065625 0.09583333333333334
0 0.596875 0.525 0.0765625 0.13125
0 0.6546875 0.484375 0.07890625 0.13854166666666667
0 0.49375 0.634375 0.0765625 0.14270833333333333
0 0.1765625 0.859375 0.1109375 0.18229166666666666
0 0.81796875 0.946875 0.09140625 0.10625
0 0.303125 0.271875 0.05390625 0.11875
0 0.35703125 0.27291666666666664 0.0640625 0.140625
0 0.609375 0.19375 0.053125 0.115625
3 0.4078125 0.8604166666666667 0.09609375 0.175