0 0.196875 0.2125 0.146875 0.26145833333333335
0 0.3453125 0.11354166666666667 0.1265625 0.178125
0 0.34921875 0.2916666666666667 0.140625 0.221875
0 0.2375 0.4041666666666667 0.125 0.24479166666666666
0 0.12890625 0.3927083333333333 0.11953125 0.18229166666666666
0 0.2171875 0.653125 0.1765625 0.31875
0 0.30703125 0.86875 0.125 0.24166666666666667
0 0.36015625 0.5041666666666667 0.134375 0.246875
0 0.5 0.734375 0.14453125 0.2791666666666667
0 0.540625 0.540625 0.09296875 0.19270833333333334
0 0.71328125 0.8479166666666667 0.1265625 0.259375
0 0.621875 0.40729166666666666 0.0984375 0.17291666666666666
0 0.55859375 0.2625 0.1 0.140625
0 0.53203125 0.378125 0.103125 0.153125
0 0.46875 0.26145833333333335 0.0875 0.17291666666666666
0 0.67890625 0.34270833333333334 0.05546875 0.13333333333333333
0 0.65 0.23333333333333334 0.08046875 0.12083333333333333
0 0.6359375 0.11770833333333333 0.071875 0.12604166666666666
0 0.59765625 0.051041666666666666 0.0765625 0.09166666666666666