0 0.37265625 0.6083333333333333 0.07109375 0.12604166666666666
0 0.45 0.621875 0.0609375 0.11875
0 0.48515625 0.5666666666666667 0.08203125 0.12083333333333333
0 0.55234375 0.4822916666666667 0.059375 0.10104166666666667
0 0.5875 0.44166666666666665 0.075 0.128125
0 0.640625 0.5447916666666667 0.05390625 0.10104166666666667
0 0.67734375 0.5927083333333333 0.065625 0.084375
0 0.72265625 0.6916666666666667 0.09296875 0.14270833333333333
0 0.753125 0.8197916666666667 0.09453125 0.14791666666666667
0 0.80546875 0.9552083333333333 0.06953125 0.08854166666666667
0 0.6640625 0.9458333333333333 0.1140625 0.10416666666666667
0 0.55078125 0.965625 0.090625 0.06875
0 0.428125 0.8875 0.128125 0.19479166666666667
3 0.45546875 0.740625 0.08359375 0.084375
3 0.6125 0.8208333333333333 0.0859375 0.12604166666666666
3 0.665625 0.678125 0.05546875 0.08645833333333333