0 0.31875 0.8875 0.1015625 0.190625
0 0.41875 0.9041666666666667 0.11796875 0.178125
0 0.64140625 0.6802083333333333 0.1140625 0.175
0 0.409375 0.18645833333333334 0.08203125 0.15104166666666666
0 0.48671875 0.09895833333333333 0.090625 0.17291666666666666
0 0.2921875 0.3625 0.115625 0.18229166666666666
0 0.17734375 0.29375 0.1234375 0.18229166666666666
0 0.11796875 0.140625 0.121875 0.15833333333333333
0 0.11796875 0.3958333333333333 0.0890625 0.16041666666666668
0 0.0328125 0.3177083333333333 0.0625 0.14583333333333334
2 0.565625 0.41354166666666664 0.065625 0.13125
3 0.22265625 0.6416666666666667 0.1234375 0.18229166666666666