0 0.41953125 0.5479166666666667 0.06953125 0.084375
0 0.6421875 0.5666666666666667 0.0625 0.115625
0 0.659375 0.371875 0.046875 0.115625
0 0.0984375 0.046875 0.06953125 0.084375
0 0.65859375 0.24270833333333333 0.03359375 0.09166666666666666
1 0.4921875 0.6729166666666667 0.11796875 0.14583333333333334
3 0.63125 0.9 0.06796875 0.14583333333333334
3 0.7265625 0.921875 0.08046875 0.15104166666666666
3 0.75859375 0.7958333333333333 0.078125 0.15104166666666666
3 0.84453125 0.490625 0.05 0.09583333333333334
3 0.06875 0.684375 0.1015625 0.12395833333333334
3 0.19453125 0.73125 0.06640625 0.10833333333333334