0 0.28359375 0.29270833333333335 0.096875 0.13541666666666666
0 0.075 0.8072916666666666 0.0890625 0.12395833333333334
0 0.1625 0.08541666666666667 0.09140625 0.12604166666666666
0 0.68984375 0.07604166666666666 0.090625 0.14270833333333333
0 0.371875 0.2875 0.08046875 0.14583333333333334
0 0.4234375 0.19895833333333332 0.08046875 0.09583333333333334
0 0.4515625 0.2875 0.08359375 0.12604166666666666
0 0.496875 0.20208333333333334 0.08359375 0.128125
0 0.54375 0.3072916666666667 0.0765625 0.12604166666666666
0 0.64921875 0.290625 0.10703125 0.13125
0 0.41953125 0.646875 0.0640625 0.17291666666666666
0 0.4765625 0.73125 0.0890625 0.18229166666666666
0 0.54765625 0.653125 0.10390625 0.175
0 0.65703125 0.5958333333333333 0.1109375 0.18541666666666667
0 0.4015625 0.9125 0.1359375 0.175
0 0.5484375 0.9197916666666667 0.13046875 0.16041666666666668
3 0.3296875 0.521875 0.090625 0.15104166666666666
3 0.69140625 0.4739583333333333 0.078125 0.12395833333333334
3 0.55625 0.5114583333333333 0.090625 0.14270833333333333
3 0.75859375 0.4197916666666667 0.078125 0.12395833333333334
3 0.3609375 0.06875 0.09453125 0.11875