0 0.22265625 0.578125 0.06796875 0.12395833333333334
0 0.34375 0.6375 0.065625 0.11354166666666667
0 0.51953125 0.20729166666666668 0.05 0.084375
0 0.5984375 0.23854166666666668 0.04453125 0.08125
0 0.8546875 0.5916666666666667 0.059375 0.13125
0 0.934375 0.6708333333333333 0.05390625 0.08645833333333333
3 0.965625 0.584375 0.05703125 0.10104166666666667
3 0.77734375 0.8989583333333333 0.0484375 0.09375
3 0.0671875 0.615625 0.090625 0.10104166666666667
3 0.2453125 0.28229166666666666 0.059375 0.10104166666666667
3 0.334375 0.7875 0.053125 0.09895833333333333
3 0.58203125 0.6208333333333333 0.03046875 0.08125
3 0.69765625 0.7 0.02890625 0.06666666666666667