0 0.33515625 0.5739583333333333 0.115625 0.21979166666666666
0 0.5515625 0.20104166666666667 0.075 0.15104166666666666
1 0.315625 0.259375 0.065625 0.153125
1 0.6921875 0.6760416666666667 0.05703125 0.2125
1 0.57265625 0.5552083333333333 0.0625 0.11354166666666667
1 0.4859375 0.7708333333333334 0.09453125 0.20208333333333334
1 0.584375 0.42083333333333334 0.05859375 0.12604166666666666
1 0.190625 0.6354166666666666 0.115625 0.11145833333333334
3 0.2234375 0.45729166666666665 0.09453125 0.11354166666666667
3 0.47265625 0.39895833333333336 0.06796875 0.115625
3 0.665625 0.5177083333333333 0.06796875 0.09166666666666666
3 0.49375 0.6552083333333333 0.05703125 0.11145833333333334
3 0.07734375 0.95625 0.1203125 0.0875