2 0.9078125 0.7947916666666667 0.0265625 0.04895833333333333
3 0.775 0.8979166666666667 0.04453125 0.07604166666666666
3 0.659375 0.8625 0.05703125 0.11145833333333334
3 0.37734375 0.7291666666666666 0.059375 0.09583333333333334
0 0.103125 0.8854166666666666 0.0984375 0.13125
0 0.34140625 0.078125 0.03046875 0.046875
0 0.471875 0.08854166666666667 0.04140625 0.06875
0 0.3484375 0.5989583333333334 0.05546875 0.07604166666666666
0 0.87890625 0.6885416666666667 0.04453125 0.08854166666666667
0 0.8 0.809375 0.05546875 0.11875
0 0.56796875 0.5885416666666666 0.046875 0.10625
0 0.3484375 0.3802083333333333 0.053125 0.09895833333333333