0 0.2828125 0.45208333333333334 0.065625 0.09895833333333333
0 0.19921875 0.3072916666666667 0.059375 0.071875
0 0.109375 0.4666666666666667 0.05859375 0.08854166666666667
0 0.85 0.53125 0.06640625 0.14270833333333333
0 0.88046875 0.6583333333333333 0.075 0.12604166666666666
0 0.9234375 0.45208333333333334 0.10546875 0.1625
0 0.97265625 0.28541666666666665 0.05390625 0.15104166666666666
0 0.50703125 0.71875 0.0390625 0.08854166666666667
0 0.4484375 0.821875 0.046875 0.10833333333333334
0 0.67578125 0.15104166666666666 0.0375 0.084375
0 0.28515625 0.18541666666666667 0.04609375 0.07395833333333333
0 0.26484375 0.24270833333333333 0.0375 0.071875