0 0.06015625 0.41354166666666664 0.11796875 0.17083333333333334
0 0.328125 0.32083333333333336 0.0859375 0.13333333333333333
0 0.38828125 0.228125 0.1125 0.15520833333333334
0 0.409375 0.35104166666666664 0.084375 0.14270833333333333
0 0.48359375 0.32395833333333335 0.096875 0.128125
0 0.484375 0.21770833333333334 0.06796875 0.08854166666666667
0 0.49453125 0.45416666666666666 0.1140625 0.15833333333333333
0 0.565625 0.34270833333333334 0.08203125 0.12395833333333334
0 0.509375 0.14895833333333333 0.06953125 0.08125
0 0.43125 0.11145833333333334 0.05703125 0.07916666666666666
0 0.62890625 0.39375 0.06640625 0.12083333333333333
0 0.61328125 0.4510416666666667 0.065625 0.08125
0 0.61796875 0.5520833333333334 0.06640625 0.14583333333333334
0 0.671875 0.5197916666666667 0.065625 0.115625
0 0.7125 0.5135416666666667 0.046875 0.10833333333333334
0 0.69296875 0.41354166666666664 0.053125 0.07604166666666666
0 0.6796875 0.34270833333333334 0.05390625 0.08854166666666667
0 0.7484375 0.8708333333333333 0.096875 0.209375
0 0.61640625 0.94375 0.1109375 0.1125
0 0.59375 0.6947916666666667 0.109375 0.20520833333333333
0 0.3796875 0.53125 0.134375 0.22708333333333333
0 0.428125 0.7291666666666666 0.1 0.190625
0 0.3140625 0.8635416666666667 0.153125 0.27291666666666664
1 0.08203125 0.2520833333333333 0.10859375 0.12395833333333334
1 0.09453125 0.14583333333333334 0.1109375 0.06458333333333334
3 0.1078125 0.5572916666666666 0.0984375 0.14583333333333334
3 0.178125 0.853125 0.17109375 0.29375
3 0.409375 0.8416666666666667 0.06796875 0.128125
3 0.67578125 0.8958333333333334 0.059375 0.11354166666666667