3 0.44296875 0.6666666666666666 0.04453125 0.04479166666666667
0 0.40390625 0.621875 0.04453125 0.06458333333333334
0 0.375 0.6541666666666667 0.046875 0.084375
0 0.4109375 0.7510416666666667 0.0609375 0.11354166666666667
0 0.31015625 0.9708333333333333 0.0671875 0.058333333333333334
0 0.415625 0.959375 0.05859375 0.08125
0 0.2671875 0.7572916666666667 0.05703125 0.08645833333333333
0 0.115625 0.7385416666666667 0.07109375 0.10416666666666667
0 0.20703125 0.6791666666666667 0.05 0.06458333333333334
0 0.40546875 0.5416666666666666 0.0359375 0.06145833333333333
0 0.371875 0.43125 0.03046875 0.052083333333333336
0 0.309375 0.5583333333333333 0.05390625 0.10416666666666667
0 0.23671875 0.2989583333333333 0.01796875 0.034375
0 0.1921875 0.321875 0.04296875 0.057291666666666664
0 0.103125 0.2125 0.02890625 0.04895833333333333