0 0.26640625 0.5947916666666667 0.0640625 0.10833333333333334
0 0.034375 0.08541666666666667 0.05 0.06666666666666667
0 0.071875 0.20833333333333334 0.053125 0.09583333333333334
1 0.76796875 0.8125 0.10859375 0.246875
1 0.709375 0.5541666666666667 0.075 0.09166666666666666
1 0.3546875 0.3572916666666667 0.065625 0.140625
3 0.2171875 0.42083333333333334 0.06796875 0.08125
3 0.18515625 0.48541666666666666 0.065625 0.09166666666666666
3 0.71796875 0.8 0.06953125 0.13333333333333333
3 0.82734375 0.7760416666666666 0.084375 0.140625
3 0.83984375 0.9260416666666667 0.06796875 0.10833333333333334
3 0.846875 0.4739583333333333 0.04140625 0.07395833333333333
3 0.96796875 0.36875 0.05859375 0.08645833333333333
3 0.06328125 0.6427083333333333 0.0515625 0.07604166666666666
3 0.046875 0.3260416666666667 0.04453125 0.059375