0 0.20859375 0.225 0.06640625 0.10833333333333334
0 0.23828125 0.39166666666666666 0.0625 0.140625
0 0.040625 0.49895833333333334 0.078125 0.1875
0 0.15546875 0.6489583333333333 0.09453125 0.1625
0 0.05234375 0.940625 0.1015625 0.11875
0 0.1046875 0.4864583333333333 0.08203125 0.11875
1 0.65078125 0.5197916666666667 0.1375 0.225
1 0.23671875 0.8427083333333333 0.09609375 0.15104166666666666
1 0.34140625 0.56875 0.05546875 0.165625
1 0.309375 0.7083333333333334 0.05390625 0.15833333333333333
3 0.42890625 0.8052083333333333 0.121875 0.25729166666666664
3 0.39296875 0.96875 0.08359375 0.06145833333333333
3 0.37421875 0.4947916666666667 0.0515625 0.10625
3 0.2265625 0.6458333333333334 0.05859375 0.10104166666666667