0 0.5390625 0.5927083333333333 0.078125 0.153125
0 0.6046875 0.7614583333333333 0.06796875 0.15104166666666666
0 0.6109375 0.5510416666666667 0.04140625 0.09895833333333333
0 0.3484375 0.13125 0.071875 0.12395833333333334
0 0.271875 0.19583333333333333 0.09453125 0.17083333333333334
0 0.575 0.07395833333333333 0.0359375 0.08854166666666667
0 0.6015625 0.14791666666666667 0.03046875 0.06875
0 0.63984375 0.1625 0.02890625 0.07916666666666666
1 0.25 0.871875 0.1 0.09375
3 0.10546875 0.9375 0.09140625 0.09166666666666666
3 0.44296875 0.8583333333333333 0.053125 0.08125