0 0.13125 0.13958333333333334 0.0484375 0.071875
0 0.42578125 0.08020833333333334 0.0765625 0.11145833333333334
0 0.2921875 0.509375 0.0734375 0.13125
0 0.5390625 0.49166666666666664 0.09453125 0.14791666666666667
0 0.9515625 0.05416666666666667 0.04453125 0.08854166666666667
0 0.921875 0.12083333333333333 0.04140625 0.08854166666666667
0 0.8875 0.19583333333333333 0.053125 0.12083333333333333
0 0.94453125 0.4552083333333333 0.053125 0.08645833333333333
0 0.4046875 0.2864583333333333 0.034375 0.07916666666666666
3 0.3421875 0.19479166666666667 0.0515625 0.084375
3 0.490625 0.221875 0.065625 0.09895833333333333
3 0.6328125 0.253125 0.0875 0.12604166666666666
3 0.5328125 0.846875 0.07109375 0.084375
3 0.778125 0.8875 0.08203125 0.11145833333333334
3 0.534375 0.946875 0.09140625 0.10625
3 0.11875 0.9125 0.0765625 0.11145833333333334
3 0.2109375 0.5854166666666667 0.04453125 0.084375
3 0.1515625 0.6791666666666667 0.0640625 0.084375
3 0.2296875 0.7239583333333334 0.05390625 0.06458333333333334