0 0.24609375 0.63125 0.096875 0.15104166666666666
0 0.36875 0.44166666666666665 0.084375 0.14270833333333333
0 0.4046875 0.33229166666666665 0.05703125 0.09583333333333334
0 0.46640625 0.325 0.04140625 0.09166666666666666
0 0.509375 0.34791666666666665 0.05546875 0.128125
0 0.584375 0.3885416666666667 0.05703125 0.13541666666666666
0 0.55390625 0.7791666666666667 0.1140625 0.20520833333333333
0 0.50625 0.11875 0.04609375 0.08854166666666667
0 0.58125 0.13333333333333333 0.04296875 0.09895833333333333
0 0.62265625 0.225 0.034375 0.084375
3 0.5390625 0.93125 0.1 0.128125