0 0.52421875 0.22916666666666666 0.06796875 0.11354166666666667
0 0.35625 0.153125 0.065625 0.09375
0 0.24375 0.078125 0.0734375 0.15104166666666666
0 0.1453125 0.28125 0.140625 0.20208333333333334
0 0.10625 0.6760416666666667 0.16796875 0.246875
0 0.24140625 0.9270833333333334 0.121875 0.14583333333333334
1 0.384375 0.9395833333333333 0.096875 0.12083333333333333
1 0.734375 0.7958333333333333 0.1484375 0.190625
1 0.62109375 0.48020833333333335 0.053125 0.13125
1 0.69375 0.44479166666666664 0.08203125 0.10833333333333334
1 0.7875 0.5614583333333333 0.05 0.140625
1 0.953125 0.48541666666666666 0.08203125 0.15104166666666666
1 0.71484375 0.271875 0.0734375 0.08854166666666667
1 0.62578125 0.18541666666666667 0.065625 0.06875
3 0.17578125 0.4239583333333333 0.1234375 0.08125
3 0.471875 0.48854166666666665 0.09453125 0.11354166666666667
3 0.87890625 0.44583333333333336 0.0640625 0.09583333333333334
3 0.26328125 0.3072916666666667 0.0734375 0.08125