0 0.28515625 0.45416666666666666 0.09296875 0.19270833333333334
0 0.3578125 0.778125 0.13203125 0.26666666666666666
0 0.2390625 0.190625 0.05859375 0.09895833333333333
0 0.17421875 0.28229166666666666 0.059375 0.13125
0 0.07421875 0.446875 0.134375 0.23229166666666667
0 0.0671875 0.8135416666666667 0.12890625 0.3729166666666667
0 0.6 0.2864583333333333 0.08046875 0.14791666666666667
0 0.64921875 0.1 0.04609375 0.12083333333333333
1 0.540625 0.5 0.11953125 0.12083333333333333
1 0.5125 0.6875 0.09140625 0.15104166666666666
1 0.95625 0.3489583333333333 0.0875 0.140625
3 0.43359375 0.3125 0.053125 0.10625