0 0.1828125 0.2708333333333333 0.065625 0.11145833333333334
0 0.071875 0.278125 0.04140625 0.11145833333333334
0 0.79375 0.66875 0.09296875 0.17291666666666666
0 0.965625 0.734375 0.06796875 0.209375
0 0.715625 0.20208333333333334 0.05390625 0.11354166666666667
0 0.975 0.33541666666666664 0.05 0.11875
0 0.3296875 0.5802083333333333 0.059375 0.11875
0 0.3375 0.7677083333333333 0.0609375 0.13854166666666667
0 0.390625 0.9145833333333333 0.06953125 0.14583333333333334
0 0.40859375 0.678125 0.04453125 0.10625
0 0.6109375 0.5322916666666667 0.0390625 0.09583333333333334
0 0.6953125 0.37604166666666666 0.0515625 0.115625
0 0.81328125 0.253125 0.04609375 0.10104166666666667
0 0.86328125 0.4552083333333333 0.05703125 0.12083333333333333
3 0.475 0.7885416666666667 0.075 0.12604166666666666
3 0.484375 0.053125 0.0625 0.09166666666666666
3 0.32421875 0.15208333333333332 0.05703125 0.08125
3 0.5265625 0.359375 0.053125 0.08645833333333333
3 0.128125 0.24479166666666666 0.0625 0.08854166666666667