1 0.41015625 0.7604166666666666 0.10390625 0.10833333333333334
1 0.37109375 0.965625 0.09453125 0.06875
1 0.61796875 0.175 0.053125 0.084375
1 0.8046875 0.09583333333333334 0.11796875 0.09375
1 0.08046875 0.3145833333333333 0.103125 0.165625
1 0.240625 0.340625 0.04140625 0.128125
1 0.11953125 0.7479166666666667 0.09453125 0.084375
3 0.35546875 0.3145833333333333 0.06640625 0.09583333333333334
3 0.309375 0.1875 0.053125 0.07395833333333333
3 0.121875 0.4375 0.075 0.128125
3 0.15859375 0.6552083333333333 0.05859375 0.09166666666666666
3 0.0265625 0.9375 0.05 0.125