0 0.328125 0.10104166666666667 0.071875 0.128125
1 0.36171875 0.525 0.109375 0.08645833333333333
1 0.32578125 0.7322916666666667 0.07890625 0.24479166666666666
1 0.4109375 0.6666666666666666 0.09453125 0.153125
1 0.60546875 0.24270833333333333 0.05859375 0.08645833333333333
1 0.6 0.546875 0.071875 0.09583333333333334
1 0.865625 0.7979166666666667 0.08203125 0.10833333333333334
3 0.221875 0.73125 0.096875 0.13854166666666667
3 0.55078125 0.3385416666666667 0.0484375 0.059375
3 0.6 0.328125 0.0609375 0.07395833333333333
3 0.90390625 0.5979166666666667 0.09453125 0.11875
3 0.8453125 0.4552083333333333 0.0734375 0.11145833333333334
3 0.71796875 0.32916666666666666 0.0609375 0.08125
3 0.434375 0.06666666666666667 0.046875 0.084375