0 0.359375 0.146875 0.0875 0.11145833333333334
0 0.38515625 0.3458333333333333 0.09296875 0.1625
1 0.8203125 0.246875 0.0765625 0.10416666666666667
1 0.74375 0.35833333333333334 0.09296875 0.08854166666666667
1 0.50703125 0.915625 0.15546875 0.12395833333333334
1 0.84296875 0.8510416666666667 0.08359375 0.165625
1 0.58125 0.43854166666666666 0.04296875 0.2
3 0.69375 0.5260416666666666 0.0734375 0.09375
3 0.753125 0.48125 0.078125 0.09375
3 0.90390625 0.425 0.08046875 0.128125
3 0.85703125 0.33541666666666664 0.05859375 0.07395833333333333
3 0.1546875 0.04791666666666667 0.04609375 0.06666666666666667
3 0.45625 0.14479166666666668 0.040625 0.057291666666666664
3 0.61328125 0.21354166666666666 0.0484375 0.06666666666666667