0 0.5109375 0.509375 0.071875 0.11145833333333334
0 0.575 0.4083333333333333 0.0640625 0.08125
0 0.64375 0.5072916666666667 0.07109375 0.12083333333333333
0 0.6796875 0.23958333333333334 0.05390625 0.084375
0 0.66953125 0.18854166666666666 0.05546875 0.07604166666666666
0 0.71953125 0.21354166666666666 0.046875 0.09166666666666666
0 0.5390625 0.178125 0.06640625 0.084375
1 0.64453125 0.715625 0.0609375 0.128125
3 0.61875 0.428125 0.034375 0.057291666666666664
3 0.521875 0.428125 0.0640625 0.07604166666666666
3 0.453125 0.559375 0.05546875 0.08645833333333333
3 0.45625 0.6385416666666667 0.05703125 0.06666666666666667
3 0.36484375 0.5177083333333333 0.0625 0.10625