0 0.33515625 0.34270833333333334 0.0765625 0.153125
0 0.2375 0.17291666666666666 0.05 0.09375
0 0.43046875 0.15729166666666666 0.04140625 0.09166666666666666
0 0.45390625 0.42083333333333334 0.05546875 0.09583333333333334
0 0.578125 0.5677083333333334 0.05546875 0.11354166666666667
0 0.43125 0.921875 0.059375 0.13125
0 0.47265625 0.671875 0.05703125 0.13333333333333333
0 0.490625 0.3458333333333333 0.03046875 0.07916666666666666
0 0.29609375 0.5385416666666667 0.078125 0.128125
0 0.125 0.759375 0.06640625 0.12083333333333333
0 0.6 0.415625 0.03359375 0.071875
1 0.821875 0.871875 0.075 0.059375
3 0.61328125 0.6427083333333333 0.0515625 0.09583333333333334
3 0.9296875 0.7083333333333334 0.07109375 0.08854166666666667
3 0.834375 0.6604166666666667 0.046875 0.08125