0 0.39609375 0.115625 0.19140625 0.22708333333333333
0 0.1734375 0.2708333333333333 0.10859375 0.175
0 0.53046875 0.5927083333333333 0.0859375 0.16770833333333332
0 0.3828125 0.8125 0.0765625 0.15833333333333333
0 0.465625 0.76875 0.08203125 0.14583333333333334
0 0.121875 0.9114583333333334 0.096875 0.10416666666666667
0 0.45703125 0.35104166666666664 0.0640625 0.11354166666666667
1 0.56171875 0.3458333333333333 0.07109375 0.21770833333333334
3 0.79453125 0.5875 0.1 0.13333333333333333
3 0.95703125 0.89375 0.0859375 0.17291666666666666
3 0.2828125 0.95625 0.0625 0.0875