0 0.14140625 0.246875 0.11953125 0.1625
0 0.790625 0.5395833333333333 0.07890625 0.13125
0 0.95546875 0.3572916666666667 0.0640625 0.10625
0 0.61875 0.3020833333333333 0.0484375 0.08645833333333333
0 0.59296875 0.05520833333333333 0.0609375 0.09166666666666666
1 0.68984375 0.725 0.090625 0.15104166666666666
1 0.59296875 0.946875 0.05859375 0.10625
3 0.11640625 0.859375 0.121875 0.13854166666666667
3 0.1296875 0.7760416666666666 0.065625 0.057291666666666664
3 0.15 0.6729166666666667 0.0859375 0.09166666666666666
3 0.42109375 0.7197916666666667 0.078125 0.10104166666666667
3 0.23125 0.9614583333333333 0.07890625 0.07604166666666666
3 0.75703125 0.86875 0.0609375 0.08854166666666667
3 0.70859375 0.35104166666666664 0.05 0.06458333333333334