0 0.390625 0.590625 0.059375 0.10833333333333334
0 0.7109375 0.22916666666666666 0.05546875 0.07916666666666666
0 0.7140625 0.3572916666666667 0.05 0.09583333333333334
1 0.74140625 0.88125 0.071875 0.221875
1 0.75390625 0.6979166666666666 0.09453125 0.07604166666666666
1 0.8359375 0.8864583333333333 0.09140625 0.221875
3 0.1625 0.6 0.0859375 0.12395833333333334
3 0.15390625 0.35104166666666664 0.071875 0.08854166666666667
3 0.48125 0.8479166666666667 0.08203125 0.11145833333333334
3 0.64765625 0.846875 0.0765625 0.10833333333333334
3 0.95390625 0.5552083333333333 0.071875 0.07916666666666666