0 0.61015625 0.328125 0.090625 0.1625
0 0.61796875 0.5083333333333333 0.075 0.178125
0 0.73828125 0.146875 0.09609375 0.13125
1 0.678125 0.46458333333333335 0.10859375 0.13854166666666667
1 0.63125 0.18645833333333334 0.09296875 0.13125
1 0.72109375 0.26666666666666666 0.0640625 0.10416666666666667
1 0.57421875 0.8135416666666667 0.0765625 0.115625
3 0.696875 0.35520833333333335 0.0875 0.12395833333333334
3 0.734375 0.4322916666666667 0.08203125 0.11354166666666667
3 0.94375 0.34791666666666665 0.1125 0.14791666666666667
3 0.5953125 0.9260416666666667 0.1234375 0.14270833333333333