0 0.42578125 0.659375 0.0875 0.13333333333333333
0 0.20625 0.4354166666666667 0.090625 0.13541666666666666
0 0.23828125 0.9020833333333333 0.10390625 0.190625
0 0.43515625 0.2375 0.05703125 0.13333333333333333
0 0.415625 0.48020833333333335 0.06953125 0.115625
0 0.90234375 0.95625 0.1265625 0.0875
0 0.09453125 0.20520833333333333 0.0640625 0.128125
0 0.45078125 0.3614583333333333 0.02890625 0.07604166666666666
0 0.503125 0.809375 0.078125 0.13333333333333333
1 0.61796875 0.8583333333333333 0.11953125 0.18541666666666667
3 0.625 0.5625 0.071875 0.10833333333333334
3 0.95859375 0.44479166666666664 0.0828125 0.08541666666666667