0 0.1890625 0.80625 0.13046875 0.2791666666666667
0 0.31328125 0.1 0.0984375 0.190625
0 0.39609375 0.15833333333333333 0.06640625 0.11875
0 0.46484375 0.23541666666666666 0.040625 0.10625
0 0.49140625 0.5177083333333333 0.05546875 0.14583333333333334
1 0.5203125 0.6927083333333334 0.0734375 0.13125
1 0.63359375 0.40208333333333335 0.08359375 0.06875
1 0.753125 0.16458333333333333 0.075 0.09583333333333334
1 0.640625 0.209375 0.053125 0.10416666666666667
1 0.92734375 0.14895833333333333 0.1234375 0.11145833333333334
1 0.96796875 0.17291666666666666 0.0640625 0.09375
3 0.91484375 0.051041666666666666 0.059375 0.06666666666666667